BoneCount: 67
RootBone: 0
BoneName: RootNode
BoneIndex: 0
ParentIndex: -1
ChildCount: 2
1
2
1.000000 0.000000 -0.000000 0.000000
0.000000 1.000000 -0.000000 0.000000
-0.000000 -0.000000 1.000000 -0.000000
0.000000 0.000000 -0.000000 1.000000
1.000000 0.000000 0.000000 0.000000
0.000000 1.000000 0.000000 0.000000
0.000000 0.000000 1.000000 0.000000
0.000000 0.000000 0.000000 1.000000
BoneName: Ch06
BoneIndex: 1
ParentIndex: 0
ChildCount: 0
1.000000 0.000000 -0.000000 0.000000
0.000000 1.000000 -0.000000 0.000000
-0.000000 -0.000000 1.000000 -0.000000
0.000000 0.000000 -0.000000 1.000000
1.000000 0.000000 0.000000 0.000000
0.000000 1.000000 0.000000 0.000000
0.000000 0.000000 1.000000 0.000000
0.000000 0.000000 0.000000 1.000000
BoneName: mixamorig9:Hips
BoneIndex: 2
ParentIndex: 0
ChildCount: 3
3
57
62
1.000000 0.000000 -0.000000 0.000000
0.000000 1.000000 -0.000000 0.000000
-0.000000 -0.000000 1.000000 -0.000000
0.000000 0.966308 0.003488 1.000000
1.000000 0.000000 -0.000000 0.000000
0.000000 1.000000 -0.000000 0.000000
-0.000000 -0.000000 1.000000 -0.000000
0.000000 -0.966308 -0.003488 1.000000
BoneName: mixamorig9:Spine
BoneIndex: 3
ParentIndex: 2
ChildCount: 1
4
1.000000 0.000000 -0.000000 0.000000
0.000000 0.998965 0.045491 0.000000
-0.000000 -0.045491 0.998965 -0.000000
0.000000 0.117527 0.005352 1.000000
1.000000 0.000000 -0.000000 0.000000
0.000000 0.998965 -0.045491 0.000000
-0.000000 0.045491 0.998965 -0.000000
0.000000 -1.083115 0.040474 1.000000
BoneName: mixamorig9:Spine1
BoneIndex: 4
ParentIndex: 3
ChildCount: 1
5
1.000000 0.000000 -0.000000 0.000000
0.000000 1.000000 -0.000000 0.000000
-0.000000 -0.000000 1.000000 -0.000000
0.000000 0.137256 -0.000000 1.000000
1.000000 0.000000 -0.000000 0.000000
0.000000 0.998965 -0.045491 0.000000
-0.000000 0.045491 0.998965 -0.000000
0.000000 -1.220371 0.040474 1.000000
BoneName: mixamorig9:Spine2
BoneIndex: 5
ParentIndex: 4
ChildCount: 3
6
9
33
1.000000 0.000000 -0.000000 0.000000
0.000000 1.000000 -0.000000 0.000000
-0.000000 -0.000000 1.000000 -0.000000
0.000000 0.156864 0.000000 1.000000
1.000000 0.000000 -0.000000 0.000000
0.000000 0.998965 -0.045491 0.000000
-0.000000 0.045491 0.998965 -0.000000
0.000000 -1.377236 0.040474 1.000000
BoneName: mixamorig9:Neck
BoneIndex: 6
ParentIndex: 5
ChildCount: 1
7
1.000000 0.000000 -0.000000 0.000000
0.000000 0.998965 -0.045491 0.000000
-0.000000 0.045491 0.998965 -0.000000
0.000000 0.176472 0.000000 1.000000
1.000000 0.000000 -0.000000 0.000000
0.000000 1.000000 0.000000 0.000000
-0.000000 -0.000000 1.000000 -0.000000
0.000000 -1.553941 -0.030247 1.000000
BoneName: mixamorig9:Head
BoneIndex: 7
ParentIndex: 6
ChildCount: 1
8
1.000000 0.000000 -0.000000 0.000000
0.000000 1.000000 -0.000000 0.000000
-0.000000 -0.000000 1.000000 -0.000000
0.000000 0.050166 -0.018802 1.000000
1.000000 0.000000 -0.000000 0.000000
0.000000 1.000000 0.000000 0.000000
-0.000000 -0.000000 1.000000 -0.000000
0.000000 -1.604107 -0.011445 1.000000
BoneName: mixamorig9:HeadTop_End
BoneIndex: 8
ParentIndex: 7
ChildCount: 0
1.000000 0.000000 -0.000000 0.000000
0.000000 1.000000 -0.000000 0.000000
-0.000000 -0.000000 1.000000 -0.000000
0.000000 0.207434 -0.077746 1.000000
1.000000 0.000000 -0.000000 0.000000
0.000000 1.000000 0.000000 0.000000
-0.000000 -0.000000 1.000000 -0.000000
0.000000 -1.811541 0.066301 1.000000
BoneName: mixamorig9:LeftShoulder
BoneIndex: 9
ParentIndex: 5
ChildCount: 1
10
-0.014250 -0.000164 0.999898 0.000000
0.941434 -0.336933 0.013362 0.000000
0.336896 0.941529 0.004956 -0.000000
0.078497 0.147760 0.001143 1.000000
-0.014250 0.941434 0.336896 0.000000
-0.045650 -0.337192 0.940329 0.000000
0.998856 -0.001979 0.047781 -0.000000
0.040695 0.440446 -1.462077 1.000000
BoneName: mixamorig9:LeftArm
BoneIndex: 10
ParentIndex: 9
ChildCount: 1
11
0.998947 -0.045878 0.000000 0.000000
0.043626 0.949912 0.309457 0.000000
-0.014197 -0.309131 0.950913 -0.000000
-0.000000 0.166127 0.000000 1.000000
-0.057426 0.997913 0.029535 0.000000
-0.030132 -0.031303 0.999056 0.000000
0.997895 0.056482 0.031867 -0.000000
0.028067 -0.190095 -1.475688 1.000000
BoneName: mixamorig9:LeftForeArm
BoneIndex: 11
ParentIndex: 10
ChildCount: 1
12
0.995077 0.099100 -0.000000 0.000000
-0.098893 0.992994 0.064677 0.000000
0.006410 -0.064359 0.997906 -0.000000
0.000000 0.225756 -0.000000 1.000000
0.041750 0.998511 -0.035119 0.000000
-0.033086 0.036512 0.998785 0.000000
0.998580 -0.040537 0.034561 -0.000000
-0.013282 -0.511156 -1.445654 1.000000
BoneName: mixamorig9:LeftHand
BoneIndex: 12
ParentIndex: 11
ChildCount: 5
13
17
21
25
29
0.988319 0.048705 0.144410 0.000000
-0.033900 0.994076 -0.103266 0.000000
-0.148584 0.097165 0.984115 -0.000000
-0.000000 0.234948 0.000000 1.000000
0.084823 0.994807 0.056255 0.000000
0.113313 -0.065723 0.991383 0.000000
0.989932 -0.077718 -0.118300 -0.000000
-0.258232 -0.591947 -1.493211 1.000000
BoneName: mixamorig9:LeftHandThumb1
BoneIndex: 13
ParentIndex: 12
ChildCount: 1
14
0.828121 0.560549 0.000000 0.000000
-0.537675 0.794329 -0.282749 0.000000
-0.158495 0.234151 0.959194 -0.000000
-0.029352 0.029803 -0.012125 1.000000
0.627882 0.728690 0.273450 0.000000
0.056996 -0.393445 0.917580 0.000000
0.776219 -0.560547 -0.288569 -0.000000
-0.538063 0.047966 -1.529955 1.000000
BoneName: mixamorig9:LeftHandThumb2
BoneIndex: 14
ParentIndex: 13
ChildCount: 1
15
1.000000 0.000000 -0.000000 0.000000
0.000000 0.991184 -0.132493 0.000000
-0.000000 0.132493 0.991184 -0.000000
-0.006080 0.034307 0.000000 1.000000
0.627882 0.686036 0.367585 0.000000
0.056996 -0.511549 0.857362 0.000000
0.776219 -0.517371 -0.360294 -0.000000
-0.531982 0.216247 -1.514657 1.000000
BoneName: mixamorig9:LeftHandThumb3
BoneIndex: 15
ParentIndex: 14
ChildCount: 1
16
1.000000 0.000000 -0.000000 0.000000
0.000000 0.998353 0.057377 0.000000
-0.000000 -0.057377 0.998353 -0.000000
0.001052 0.034071 0.000000 1.000000
0.627882 0.705996 0.327617 0.000000
0.056996 -0.461513 0.885300 0.000000
0.776219 -0.537192 -0.330015 -0.000000
-0.533034 0.094970 -1.522615 1.000000
BoneName: mixamorig9:LeftHandThumb4
BoneIndex: 16
ParentIndex: 15
ChildCount: 0
1.000000 0.000000 -0.000000 0.000000
0.000000 1.000000 -0.000000 0.000000
-0.000000 -0.000000 1.000000 -0.000000
0.005028 0.029867 0.000000 1.000000
0.627882 0.705996 0.327617 0.000000
0.056996 -0.461513 0.885300 0.000000
0.776219 -0.537192 -0.330015 -0.000000
-0.538063 0.065103 -1.522615 1.000000
BoneName: mixamorig9:LeftHandIndex1
BoneIndex: 17
ParentIndex: 12
ChildCount: 1
18
0.993904 0.110249 0.000000 0.000000
-0.110221 0.993657 -0.022281 0.000000
-0.002456 0.022145 0.999752 -0.000000
-0.035721 0.098474 -0.001431 1.000000
0.193982 0.977894 0.078062 0.000000
0.105377 -0.099885 0.989403 0.000000
0.975329 -0.183701 -0.122423 -0.000000
-0.297273 -0.628279 -1.506153 1.000000
BoneName: mixamorig9:LeftHandIndex2
BoneIndex: 18
ParentIndex: 17
ChildCount: 1
19
1.000000 0.000000 -0.000000 0.000000
0.000000 0.989159 -0.146848 0.000000
-0.000000 0.146848 0.989159 -0.000000
0.000237 0.033194 0.000000 1.000000
0.193982 0.955830 0.220818 0.000000
0.105377 -0.244093 0.964009 0.000000
0.975329 -0.163732 -0.148072 -0.000000
-0.297510 -0.433126 -1.586960 1.000000
BoneName: mixamorig9:LeftHandIndex3
BoneIndex: 19
ParentIndex: 18
ChildCount: 1
20
1.000000 0.000000 -0.000000 0.000000
0.000000 0.999985 -0.005417 0.000000
-0.000000 0.005417 0.999985 -0.000000
-0.000121 0.030681 0.000000 1.000000
0.193982 0.954620 0.225992 0.000000
0.105377 -0.249312 0.962673 0.000000
0.975329 -0.162927 -0.148957 -0.000000
-0.297389 -0.455204 -1.589449 1.000000
BoneName: mixamorig9:LeftHandIndex4
BoneIndex: 20
ParentIndex: 19
ChildCount: 0
1.000000 0.000000 -0.000000 0.000000
0.000000 1.000000 -0.000000 0.000000
-0.000000 -0.000000 1.000000 -0.000000
-0.000116 0.026641 0.000000 1.000000
0.193982 0.954620 0.225992 0.000000
0.105377 -0.249312 0.962673 0.000000
0.975329 -0.162927 -0.148957 -0.000000
-0.297273 -0.481844 -1.589449 1.000000
BoneName: mixamorig9:LeftHandMiddle1
BoneIndex: 21
ParentIndex: 12
ChildCount: 1
22
0.999779 0.021012 0.000000 0.000000
-0.020974 0.998003 -0.059575 0.000000
-0.001252 0.059562 0.998224 -0.000000
-0.010201 0.100812 0.002759 1.000000
0.105707 0.987690 0.115302 0.000000
0.111907 -0.127030 0.985566 0.000000
0.988080 -0.091278 -0.123958 -0.000000
-0.262533 -0.597051 -1.534264 1.000000
BoneName: mixamorig9:LeftHandMiddle2
BoneIndex: 22
ParentIndex: 21
ChildCount: 1
23
1.000000 0.000000 -0.000000 0.000000
0.000000 0.988910 -0.148514 0.000000
-0.000000 0.148514 0.988910 -0.000000
0.000134 0.035207 0.000000 1.000000
0.105707 0.959613 0.260709 0.000000
0.111907 -0.271992 0.955770 0.000000
0.988080 -0.071857 -0.136139 -0.000000
-0.262667 -0.397387 -1.611149 1.000000
BoneName: mixamorig9:LeftHandMiddle3
BoneIndex: 23
ParentIndex: 22
ChildCount: 1
24
1.000000 0.000000 -0.000000 0.000000
0.000000 0.993645 0.112559 0.000000
-0.000000 -0.112559 0.993645 -0.000000
-0.000179 0.032746 -0.000000 1.000000
0.105707 0.982860 0.151038 0.000000
0.111907 -0.162682 0.980312 0.000000
0.988080 -0.086724 -0.127186 -0.000000
-0.262488 -0.608750 -1.552495 1.000000
BoneName: mixamorig9:LeftHandMiddle4
BoneIndex: 24
ParentIndex: 23
ChildCount: 0
1.000000 0.000000 -0.000000 0.000000
0.000000 1.000000 -0.000000 0.000000
-0.000000 -0.000000 1.000000 -0.000000
0.000045 0.029180 0.000000 1.000000
0.105707 0.982860 0.151038 0.000000
0.111907 -0.162682 0.980312 0.000000
0.988080 -0.086724 -0.127186 -0.000000
-0.262533 -0.637929 -1.552495 1.000000
BoneName: mixamorig9:LeftHandRing1
BoneIndex: 25
ParentIndex: 12
ChildCount: 1
26
0.994506 -0.104678 0.000000 0.000000
0.102968 0.978266 -0.179979 0.000000
0.018840 0.178991 0.983670 -0.000000
0.011242 0.101775 0.002497 1.000000
-0.019777 0.971795 0.234995 0.000000
0.119571 -0.231055 0.965565 0.000000
0.992629 0.047194 -0.111629 -0.000000
-0.195377 -0.437196 -1.600530 1.000000
BoneName: mixamorig9:LeftHandRing2
BoneIndex: 26
ParentIndex: 25
ChildCount: 1
27
1.000000 0.000000 -0.000000 0.000000
0.000000 0.998632 -0.052291 0.000000
-0.000000 0.052291 0.998632 -0.000000
-0.000085 0.027423 -0.000000 1.000000
-0.019777 0.958178 0.285490 0.000000
0.119571 -0.281230 0.952162 0.000000
0.992629 0.052967 -0.109008 -0.000000
-0.195291 -0.380289 -1.622636 1.000000
BoneName: mixamorig9:LeftHandRing3
BoneIndex: 27
ParentIndex: 26
ChildCount: 1
28
1.000000 0.000000 -0.000000 0.000000
0.000000 0.926675 0.375864 0.000000
-0.000000 -0.375864 0.926675 -0.000000
-0.000154 0.028440 -0.000000 1.000000
-0.019777 0.995225 -0.095587 0.000000
0.119571 0.097274 0.988049 0.000000
0.992629 0.008111 -0.120923 -0.000000
-0.195137 -0.988648 -1.350030 1.000000
BoneName: mixamorig9:LeftHandRing4
BoneIndex: 28
ParentIndex: 27
ChildCount: 0
1.000000 0.000000 -0.000000 0.000000
0.000000 1.000000 -0.000000 0.000000
-0.000000 -0.000000 1.000000 -0.000000
0.000240 0.021343 -0.000000 1.000000
-0.019777 0.995225 -0.095587 0.000000
0.119571 0.097274 0.988049 0.000000
0.992629 0.008111 -0.120923 -0.000000
-0.195377 -1.009992 -1.350030 1.000000
BoneName: mixamorig9:LeftHandPinky1
BoneIndex: 29
ParentIndex: 12
ChildCount: 1
30
0.998811 -0.048749 0.000000 0.000000
0.048163 0.986808 -0.154562 0.000000
0.007535 0.154379 0.987983 -0.000000
0.034680 0.091035 0.000398 1.000000
0.036227 0.977074 0.209795 0.000000
0.116383 -0.212629 0.970177 0.000000
0.992544 -0.010730 -0.121417 -0.000000
-0.259270 -0.457224 -1.583305 1.000000
BoneName: mixamorig9:LeftHandPinky2
BoneIndex: 30
ParentIndex: 29
ChildCount: 1
31
1.000000 0.000000 -0.000000 0.000000
0.000000 0.989522 -0.144384 0.000000
-0.000000 0.144384 0.989522 -0.000000
0.000034 0.026417 0.000000 1.000000
0.036227 0.936545 0.348670 0.000000
0.116383 -0.350479 0.929311 0.000000
0.992544 0.006913 -0.121694 -0.000000
-0.259303 -0.249969 -1.636545 1.000000
BoneName: mixamorig9:LeftHandPinky3
BoneIndex: 31
ParentIndex: 30
ChildCount: 1
32
1.000000 0.000000 -0.000000 0.000000
0.000000 0.970090 0.242747 0.000000
-0.000000 -0.242747 0.970090 -0.000000
-0.000141 0.022011 -0.000000 1.000000
0.036227 0.993171 0.110898 0.000000
0.116383 -0.114409 0.986593 0.000000
0.992544 -0.022835 -0.119733 -0.000000
-0.259162 -0.661111 -1.521573 1.000000
BoneName: mixamorig9:LeftHandPinky4
BoneIndex: 32
ParentIndex: 31
ChildCount: 0
1.000000 0.000000 -0.000000 0.000000
0.000000 1.000000 -0.000000 0.000000
-0.000000 -0.000000 1.000000 -0.000000
0.000108 0.017961 0.000000 1.000000
0.036227 0.993171 0.110898 0.000000
0.116383 -0.114409 0.986593 0.000000
0.992544 -0.022835 -0.119733 -0.000000
-0.259270 -0.679072 -1.521573 1.000000
BoneName: mixamorig9:RightShoulder
BoneIndex: 33
ParentIndex: 5
ChildCount: 1
34
-0.018446 0.000157 -0.999830 0.000000
-0.941434 -0.336753 0.017316 0.000000
-0.336693 0.941593 0.006359 -0.000000
-0.078497 0.147775 0.001471 1.000000
-0.018446 -0.941434 -0.336693 0.000000
0.045639 -0.337192 0.940329 0.000000
-0.998788 0.001979 0.049187 -0.000000
-0.040683 0.440326 -1.462121 1.000000
BoneName: mixamorig9:RightArm
BoneIndex: 34
ParentIndex: 33
ChildCount: 1
35
0.999306 0.037250 -0.000000 0.000000
-0.035425 0.950336 0.309203 0.000000
0.011518 -0.308988 0.950996 -0.000000
0.000000 0.166127 0.000000 1.000000
-0.053502 -0.998132 -0.029514 0.000000
0.033047 -0.031310 0.998963 0.000000
-0.998021 0.052471 0.034661 -0.000000
-0.030441 -0.190069 -1.475664 1.000000
BoneName: mixamorig9:RightForeArm
BoneIndex: 35
ParentIndex: 34
ChildCount: 1
36
0.995589 -0.093827 -0.000000 0.000000
0.093631 0.993509 0.064594 0.000000
-0.006061 -0.064309 0.997912 -0.000000
-0.000000 0.225706 0.000000 1.000000
0.040385 -0.998569 0.035061 0.000000
0.035839 0.036515 0.998690 0.000000
-0.998541 -0.039076 0.037263 -0.000000
0.008704 -0.511245 -1.445660 1.000000
BoneName: mixamorig9:RightHand
BoneIndex: 36
ParentIndex: 35
ChildCount: 5
37
41
45
49
53
0.990317 -0.055275 -0.127348 0.000000
0.041843 0.993503 -0.105838 0.000000
0.132371 0.099485 0.986195 -0.000000
0.000000 0.234934 0.000000 1.000000
0.090726 -0.994102 -0.059420 0.000000
-0.093707 -0.067923 0.993280 0.000000
-0.991457 -0.084548 -0.099317 -0.000000
0.233967 -0.587961 -1.498784 1.000000
BoneName: mixamorig9:RightHandThumb1
BoneIndex: 37
ParentIndex: 36
ChildCount: 1
38
0.848860 -0.528617 0.000000 0.000000
0.502594 0.807072 -0.309894 0.000000
0.163815 0.263056 0.950771 -0.000000
0.030255 0.032117 -0.014099 1.000000
0.602513 -0.738300 -0.303137 0.000000
-0.043639 -0.409726 0.911164 0.000000
-0.796915 -0.535759 -0.279084 -0.000000
0.500707 0.062032 -1.541340 1.000000
BoneName: mixamorig9:RightHandThumb2
BoneIndex: 38
ParentIndex: 37
ChildCount: 1
39
1.000000 0.000000 -0.000000 0.000000
0.000000 0.995847 -0.091047 0.000000
-0.000000 0.091047 0.995847 -0.000000
0.006964 0.036397 -0.000000 1.000000
0.602513 -0.707634 -0.369098 0.000000
-0.043639 -0.490983 0.870075 0.000000
-0.796915 -0.508124 -0.326704 -0.000000
0.493744 0.165863 -1.532604 1.000000
BoneName: mixamorig9:RightHandThumb3
BoneIndex: 39
ParentIndex: 38
ChildCount: 1
40
1.000000 0.000000 -0.000000 0.000000
0.000000 0.999914 0.013085 0.000000
-0.000000 -0.013085 0.999914 -0.000000
-0.000856 0.032703 0.000000 1.000000
0.602513 -0.712403 -0.359807 0.000000
-0.043639 -0.479556 0.876425 0.000000
-0.796915 -0.512356 -0.320028 -0.000000
0.494600 0.113094 -1.534216 1.000000
BoneName: mixamorig9:RightHandThumb4
BoneIndex: 40
ParentIndex: 39
ChildCount: 0
1.000000 0.000000 -0.000000 0.000000
0.000000 1.000000 -0.000000 0.000000
-0.000000 -0.000000 1.000000 -0.000000
-0.006108 0.024917 -0.000000 1.000000
0.602513 -0.712403 -0.359807 0.000000
-0.043639 -0.479556 0.876425 0.000000
-0.796915 -0.512356 -0.320028 -0.000000
0.500707 0.088177 -1.534216 1.000000
BoneName: mixamorig9:RightHandIndex1
BoneIndex: 41
ParentIndex: 36
ChildCount: 1
42
0.999158 -0.041037 -0.000000 0.000000
0.040934 0.996663 -0.070618 0.000000
0.002898 0.070558 0.997503 -0.000000
0.037719 0.102803 -0.000911 1.000000
0.131444 -0.982875 -0.129150 0.000000
-0.090841 -0.141675 0.985736 0.000000
-0.987153 -0.117837 -0.107908 -0.000000
0.224430 -0.574649 -1.542304 1.000000
BoneName: mixamorig9:RightHandIndex2
BoneIndex: 42
ParentIndex: 41
ChildCount: 1
43
1.000000 0.000000 -0.000000 0.000000
0.000000 0.994255 -0.107041 0.000000
-0.000000 0.107041 0.994255 -0.000000
-0.000135 0.030887 -0.000000 1.000000
0.131444 -0.963403 -0.233616 0.000000
-0.090841 -0.246375 0.964908 0.000000
-0.987153 -0.105609 -0.119901 -0.000000
0.224565 -0.436968 -1.598260 1.000000
BoneName: mixamorig9:RightHandIndex3
BoneIndex: 43
ParentIndex: 42
ChildCount: 1
44
1.000000 0.000000 -0.000000 0.000000
0.000000 0.999461 -0.032843 0.000000
-0.000000 0.032843 0.999461 -0.000000
0.000049 0.029686 -0.000000 1.000000
0.131444 -0.955211 -0.265131 0.000000
-0.090841 -0.277933 0.956296 0.000000
-0.987153 -0.101614 -0.123305 -0.000000
0.224516 -0.413910 -1.612724 1.000000
BoneName: mixamorig9:RightHandIndex4
BoneIndex: 44
ParentIndex: 43
ChildCount: 0
1.000000 0.000000 -0.000000 0.000000
0.000000 1.000000 -0.000000 0.000000
-0.000000 -0.000000 1.000000 -0.000000
0.000086 0.024633 -0.000000 1.000000
0.131444 -0.955211 -0.265131 0.000000
-0.090841 -0.277933 0.956296 0.000000
-0.987153 -0.101614 -0.123305 -0.000000
0.224430 -0.438543 -1.612724 1.000000
BoneName: mixamorig9:RightHandMiddle1
BoneIndex: 45
ParentIndex: 36
ChildCount: 1
46
0.999886 -0.015116 -0.000000 0.000000
0.015060 0.996138 -0.086504 0.000000
0.001308 0.086494 0.996251 -0.000000
0.009696 0.102029 0.003716 1.000000
0.105743 -0.983756 -0.145062 0.000000
-0.092670 -0.154994 0.983559 0.000000
-0.990066 -0.090561 -0.107554 -0.000000
0.234676 -0.553975 -1.556254 1.000000
BoneName: mixamorig9:RightHandMiddle2
BoneIndex: 46
ParentIndex: 45
ChildCount: 1
47
1.000000 0.000000 -0.000000 0.000000
0.000000 0.991798 -0.127816 0.000000
-0.000000 0.127816 0.991798 -0.000000
-0.000095 0.034802 -0.000000 1.000000
0.105743 -0.957146 -0.269612 0.000000
-0.092670 -0.279438 0.955681 0.000000
-0.990066 -0.076071 -0.118247 -0.000000
0.234771 -0.385034 -1.618745 1.000000
BoneName: mixamorig9:RightHandMiddle3
BoneIndex: 47
ParentIndex: 46
ChildCount: 1
48
1.000000 0.000000 -0.000000 0.000000
0.000000 0.995325 0.096587 0.000000
-0.000000 -0.096587 0.995325 -0.000000
0.000128 0.032630 0.000000 1.000000
0.105743 -0.978712 -0.175904 0.000000
-0.092670 -0.185825 0.978203 0.000000
-0.990066 -0.087137 -0.110347 -0.000000
0.234644 -0.572061 -1.570836 1.000000
BoneName: mixamorig9:RightHandMiddle4
BoneIndex: 48
ParentIndex: 47
ChildCount: 0
1.000000 0.000000 -0.000000 0.000000
0.000000 1.000000 -0.000000 0.000000
-0.000000 -0.000000 1.000000 -0.000000
-0.000032 0.029083 -0.000000 1.000000
0.105743 -0.978712 -0.175904 0.000000
-0.092670 -0.185825 0.978203 0.000000
-0.990066 -0.087137 -0.110347 -0.000000
0.234676 -0.601144 -1.570836 1.000000
BoneName: mixamorig9:RightHandRing1
BoneIndex: 49
ParentIndex: 36
ChildCount: 1
50
0.996337 0.085513 0.000000 0.000000
-0.084093 0.979786 -0.181515 0.000000
-0.015522 0.180850 0.983388 -0.000000
-0.012293 0.103923 0.002087 1.000000
0.005385 -0.970851 -0.239624 0.000000
-0.099172 -0.238964 0.965951 0.000000
-0.995056 0.018563 -0.097568 -0.000000
0.186193 -0.426177 -1.604889 1.000000
BoneName: mixamorig9:RightHandRing2
BoneIndex: 50
ParentIndex: 49
ChildCount: 1
51
1.000000 0.000000 -0.000000 0.000000
0.000000 0.999575 -0.029166 0.000000
-0.000000 0.029166 0.999575 -0.000000
0.000029 0.028845 0.000000 1.000000
0.005385 -0.963449 -0.267837 0.000000
-0.099172 -0.267035 0.958570 0.000000
-0.995056 0.021401 -0.096985 -0.000000
0.186164 -0.408021 -1.617477 1.000000
BoneName: mixamorig9:RightHandRing3
BoneIndex: 51
ParentIndex: 50
ChildCount: 1
52
1.000000 0.000000 -0.000000 0.000000
0.000000 0.986568 0.163353 0.000000
-0.000000 -0.163353 0.986568 -0.000000
0.000054 0.026464 -0.000000 1.000000
0.005385 -0.994260 -0.106858 0.000000
-0.099172 -0.106864 0.989315 0.000000
-0.995056 0.005270 -0.099179 -0.000000
0.186110 -0.692867 -1.524776 1.000000
BoneName: mixamorig9:RightHandRing4
BoneIndex: 52
ParentIndex: 51
ChildCount: 0
1.000000 0.000000 -0.000000 0.000000
0.000000 1.000000 -0.000000 0.000000
-0.000000 -0.000000 1.000000 -0.000000
-0.000084 0.022535 -0.000000 1.000000
0.005385 -0.994260 -0.106858 0.000000
-0.099172 -0.106864 0.989315 0.000000
-0.995056 0.005270 -0.099179 -0.000000
0.186193 -0.715402 -1.524776 1.000000
BoneName: mixamorig9:RightHandPinky1
BoneIndex: 53
ParentIndex: 36
ChildCount: 1
54
0.999089 0.042678 -0.000000 0.000000
-0.042275 0.989661 -0.137053 0.000000
-0.005849 0.136928 0.990564 -0.000000
-0.035122 0.092418 0.000289 1.000000
0.048217 -0.979516 -0.195510 0.000000
-0.096521 -0.199391 0.975155 0.000000
-0.994162 -0.028148 -0.104158 -0.000000
0.239807 -0.479268 -1.579665 1.000000
BoneName: mixamorig9:RightHandPinky2
BoneIndex: 54
ParentIndex: 53
ChildCount: 1
55
1.000000 0.000000 -0.000000 0.000000
0.000000 0.987949 -0.154780 0.000000
-0.000000 0.154780 0.987949 -0.000000
-0.000035 0.025352 0.000000 1.000000
0.048217 -0.937450 -0.344763 0.000000
-0.096521 -0.347922 0.932542 0.000000
-0.994162 -0.011688 -0.107259 -0.000000
0.239842 -0.254039 -1.638733 1.000000
BoneName: mixamorig9:RightHandPinky3
BoneIndex: 55
ParentIndex: 54
ChildCount: 1
56
1.000000 0.000000 -0.000000 0.000000
0.000000 0.970664 0.240442 0.000000
-0.000000 -0.240442 0.970664 -0.000000
0.000120 0.022699 -0.000000 1.000000
0.048217 -0.992845 -0.109247 0.000000
-0.096521 -0.113494 0.988839 0.000000
-0.994162 -0.037134 -0.101302 -0.000000
0.239723 -0.662639 -1.524119 1.000000
BoneName: mixamorig9:RightHandPinky4
BoneIndex: 56
ParentIndex: 55
ChildCount: 0
1.000000 0.000000 -0.000000 0.000000
0.000000 1.000000 -0.000000 0.000000
-0.000000 -0.000000 1.000000 -0.000000
-0.000084 0.017288 -0.000000 1.000000
0.048217 -0.992845 -0.109247 0.000000
-0.096521 -0.113494 0.988839 0.000000
-0.994162 -0.037134 -0.101302 -0.000000
0.239807 -0.679927 -1.524119 1.000000
BoneName: mixamorig9:LeftUpLeg
BoneIndex: 57
ParentIndex: 2
ChildCount: 1
58
-0.996822 -0.079422 0.006192 0.000000
0.079663 -0.993806 0.077485 0.000000
0.000000 0.077732 0.996974 -0.000000
0.098404 -0.065115 -0.009520 1.000000
-0.996822 0.079663 -0.000000 0.000000
-0.079422 -0.993806 0.077732 0.000000
0.006192 0.077485 0.996974 -0.000000
0.169703 0.888239 -0.064038 1.000000
BoneName: mixamorig9:LeftLeg
BoneIndex: 58
ParentIndex: 57
ChildCount: 1
59
0.999468 -0.032628 -0.000000 0.000000
0.032524 0.996288 -0.079703 0.000000
0.002601 0.079661 0.996819 -0.000000
-0.000000 0.411790 -0.000000 1.000000
-0.998890 0.046946 0.003754 0.000000
-0.046954 -0.998895 -0.001889 0.000000
0.003661 -0.002063 0.999991 -0.000000
0.154067 0.485303 -0.025439 1.000000
BoneName: mixamorig9:LeftFoot
BoneIndex: 59
ParentIndex: 58
ChildCount: 1
60
0.998094 0.000000 -0.061717 0.000000
-0.047678 0.634975 -0.771060 0.000000
0.039189 0.772533 0.633765 -0.000000
0.000000 0.353247 0.000000 1.000000
-0.997218 0.074541 -0.000499 0.000000
-0.046747 -0.630579 -0.774716 0.000000
-0.058062 -0.772537 0.632309 -0.000000
0.155343 0.096122 0.091933 1.000000
BoneName: mixamorig9:LeftToeBase
BoneIndex: 60
ParentIndex: 59
ChildCount: 1
61
0.996715 0.000000 -0.080994 0.000000
-0.053148 0.754588 -0.654043 0.000000
0.061117 0.656199 0.752109 -0.000000
0.000000 0.196622 -0.000000 1.000000
-0.993901 0.109574 -0.012408 0.000000
0.016153 0.033355 -0.999313 0.000000
-0.109085 -0.993419 -0.034921 -0.000000
0.147387 -0.144221 0.012689 1.000000
BoneName: mixamorig9:LeftToe_End
BoneIndex: 61
ParentIndex: 60
ChildCount: 0
1.000000 0.000000 -0.000000 0.000000
0.000000 1.000000 -0.000000 0.000000
-0.000000 -0.000000 1.000000 -0.000000
-0.000000 0.078706 0.000000 1.000000
-0.993901 0.109574 -0.012408 0.000000
0.016153 0.033355 -0.999313 0.000000
-0.109085 -0.993419 -0.034921 -0.000000
0.147387 -0.222927 0.012689 1.000000
BoneName: mixamorig9:RightUpLeg
BoneIndex: 62
ParentIndex: 2
ChildCount: 1
63
-0.996817 0.079543 -0.005362 0.000000
-0.079723 -0.994560 0.067049 0.000000
-0.000000 0.067263 0.997735 -0.000000
-0.098404 -0.065115 -0.002426 1.000000
-0.996817 -0.079723 0.000000 0.000000
0.079543 -0.994560 0.067263 0.000000
-0.005362 0.067049 0.997735 -0.000000
-0.169768 0.888374 -0.061677 1.000000
BoneName: mixamorig9:RightLeg
BoneIndex: 63
ParentIndex: 62
ChildCount: 1
64
0.999465 0.032697 -0.000000 0.000000
-0.032597 0.996418 -0.078032 0.000000
-0.002551 0.077990 0.996951 -0.000000
-0.000000 0.411478 0.000000 1.000000
-0.998891 -0.046944 -0.003674 0.000000
0.046981 -0.998838 -0.010710 0.000000
-0.003167 -0.010871 0.999936 -0.000000
-0.154084 0.485534 -0.023863 1.000000
BoneName: mixamorig9:RightFoot
BoneIndex: 64
ParentIndex: 63
ChildCount: 1
65
0.998213 0.000000 0.059760 0.000000
0.046436 0.629463 -0.775642 0.000000
-0.037617 0.777030 0.628338 -0.000000
0.000000 0.353267 -0.000000 1.000000
-0.997325 -0.073084 -0.001210 0.000000
0.046257 -0.618243 -0.784625 0.000000
0.056595 -0.782582 0.619970 -0.000000
-0.155235 0.094611 0.093578 1.000000
BoneName: mixamorig9:RightToeBase
BoneIndex: 65
ParentIndex: 64
ChildCount: 1
66
0.996654 -0.000000 0.081741 0.000000
0.052622 0.765224 -0.641610 0.000000
-0.062550 0.643764 0.762663 -0.000000
0.000000 0.200545 0.000000 1.000000
-0.994087 -0.107630 0.014411 0.000000
-0.018034 0.032763 -0.999300 0.000000
0.107082 -0.993651 -0.034510 -0.000000
-0.147066 -0.149272 0.012882 1.000000
BoneName: mixamorig9:RightToe_End
BoneIndex: 66
ParentIndex: 65
ChildCount: 0
1.000000 0.000000 -0.000000 0.000000
0.000000 1.000000 -0.000000 0.000000
-0.000000 -0.000000 1.000000 -0.000000
0.000000 0.080129 0.000000 1.000000
-0.994087 -0.107630 0.014411 0.000000
-0.018034 0.032763 -0.999300 0.000000
0.107082 -0.993651 -0.034510 -0.000000
-0.147066 -0.229401 0.012882 1.000000
