BoneCount: 72
RootBone: 0
BoneName: RootNode
BoneIndex: 0
ParentIndex: -1
ChildCount: 7
1
66
67
68
69
70
71
1.000000 0.000000 -0.000000 0.000000
0.000000 1.000000 -0.000000 0.000000
-0.000000 -0.000000 1.000000 -0.000000
0.000000 0.000000 -0.000000 1.000000
1.000000 0.000000 0.000000 0.000000
0.000000 1.000000 0.000000 0.000000
0.000000 0.000000 1.000000 0.000000
0.000000 0.000000 0.000000 1.000000
BoneName: mixamorig:Hips
BoneIndex: 1
ParentIndex: 0
ChildCount: 3
2
56
61
1.000000 0.000000 -0.000000 0.000000
0.000000 1.000000 -0.000000 0.000000
-0.000000 -0.000000 1.000000 -0.000000
-0.000067 0.982848 0.001995 1.000000
1.000000 0.000000 -0.000000 0.000000
0.000000 1.000000 -0.000000 0.000000
-0.000000 -0.000000 1.000000 -0.000000
0.000067 -0.982848 -0.001995 1.000000
BoneName: mixamorig:Spine
BoneIndex: 2
ParentIndex: 1
ChildCount: 1
3
1.000000 0.000000 -0.000000 0.000000
0.000000 0.993296 0.115597 0.000000
-0.000000 -0.115597 0.993296 -0.000000
0.000000 0.099335 0.011560 1.000000
1.000000 0.000000 -0.000000 0.000000
0.000000 0.993296 -0.115597 0.000000
-0.000000 0.115597 0.993296 -0.000000
0.000067 -1.076495 0.111633 1.000000
BoneName: mixamorig:Spine1
BoneIndex: 3
ParentIndex: 2
ChildCount: 1
4
1.000000 0.000000 -0.000000 0.000000
0.000000 1.000000 -0.000000 0.000000
-0.000000 -0.000000 1.000000 -0.000000
0.000000 0.116673 0.000000 1.000000
1.000000 0.000000 -0.000000 0.000000
0.000000 0.993296 -0.115597 0.000000
-0.000000 0.115597 0.993296 -0.000000
0.000067 -1.193169 0.111633 1.000000
BoneName: mixamorig:Spine2
BoneIndex: 4
ParentIndex: 3
ChildCount: 3
5
8
32
1.000000 0.000000 -0.000000 0.000000
0.000000 1.000000 -0.000000 0.000000
-0.000000 -0.000000 1.000000 -0.000000
0.000000 0.133341 -0.000000 1.000000
1.000000 0.000000 -0.000000 0.000000
0.000000 0.993296 -0.115597 0.000000
-0.000000 0.115597 0.993296 -0.000000
0.000067 -1.326510 0.111633 1.000000
BoneName: mixamorig:Neck
BoneIndex: 5
ParentIndex: 4
ChildCount: 1
6
1.000000 0.000000 -0.000000 0.000000
0.000000 0.993296 -0.115597 0.000000
-0.000000 0.115597 0.993296 -0.000000
0.000000 0.150009 -0.000000 1.000000
1.000000 0.000000 -0.000000 0.000000
0.000000 1.000000 0.000000 0.000000
-0.000000 -0.000000 1.000000 -0.000000
0.000067 -1.479525 -0.059797 1.000000
BoneName: mixamorig:Head
BoneIndex: 6
ParentIndex: 5
ChildCount: 1
7
1.000000 0.000000 -0.000000 0.000000
0.000000 1.000000 -0.000000 0.000000
-0.000000 -0.000000 1.000000 -0.000000
0.000000 0.064985 -0.010979 1.000000
1.000000 0.000000 -0.000000 0.000000
0.000000 1.000000 0.000000 0.000000
-0.000000 -0.000000 1.000000 -0.000000
0.000067 -1.544510 -0.048819 1.000000
BoneName: mixamorig:HeadTop_End
BoneIndex: 7
ParentIndex: 6
ChildCount: 0
1.000000 0.000000 -0.000000 0.000000
0.000000 1.000000 -0.000000 0.000000
-0.000000 -0.000000 1.000000 -0.000000
0.000000 0.218455 -0.036907 1.000000
1.000000 0.000000 -0.000000 0.000000
0.000000 1.000000 0.000000 0.000000
-0.000000 -0.000000 1.000000 -0.000000
0.000067 -1.762964 -0.011912 1.000000
BoneName: mixamorig:LeftShoulder
BoneIndex: 8
ParentIndex: 4
ChildCount: 1
9
-0.038230 0.000142 0.999269 0.000000
0.952868 -0.301181 0.036497 0.000000
0.300966 0.953567 0.011379 -0.000000
0.059954 0.131245 0.002275 1.000000
-0.038230 0.952868 0.300966 0.000000
-0.115372 -0.303381 0.945859 0.000000
0.992586 0.001437 0.121533 -0.000000
0.111361 0.385974 -1.406847 1.000000
BoneName: mixamorig:LeftArm
BoneIndex: 9
ParentIndex: 8
ChildCount: 1
10
0.999991 -0.004327 -0.000000 0.000000
0.004234 0.978609 0.205686 0.000000
-0.000890 -0.205684 0.978618 -0.000000
0.000000 0.126417 -0.000000 1.000000
-0.042352 0.994228 0.098575 0.000000
-0.114058 -0.102830 0.988138 0.000000
0.992571 0.030606 0.117755 -0.000000
0.110236 -0.034892 -1.430252 1.000000
BoneName: mixamorig:LeftForeArm
BoneIndex: 10
ParentIndex: 9
ChildCount: 1
11
0.995070 0.099176 -0.000000 0.000000
-0.098463 0.987918 0.119683 0.000000
0.011870 -0.119093 0.992812 -0.000000
-0.000000 0.218647 0.000000 1.000000
0.056460 0.998183 -0.021042 0.000000
-0.123694 0.027906 0.991928 0.000000
0.990713 -0.053402 0.125045 -0.000000
0.084548 -0.432506 -1.388468 1.000000
BoneName: mixamorig:LeftHand
BoneIndex: 11
ParentIndex: 10
ChildCount: 5
12
16
20
24
28
0.993262 -0.115615 -0.008001 0.000000
0.112076 0.975841 -0.187545 0.000000
0.029490 0.185385 0.982223 -0.000000
-0.000000 0.250646 0.000000 1.000000
-0.059156 0.984342 0.166045 0.000000
-0.134023 -0.172662 0.975820 0.000000
0.989211 0.035472 0.142139 -0.000000
0.174069 -0.396772 -1.487939 1.000000
BoneName: mixamorig:LeftHandThumb1
BoneIndex: 12
ParentIndex: 11
ChildCount: 1
13
0.800823 0.598901 -0.000000 0.000000
-0.552835 0.739226 -0.384601 0.000000
-0.230338 0.307997 0.923083 -0.000000
-0.026277 0.027890 -0.015863 1.000000
0.542149 0.696494 0.470074 0.000000
-0.210737 -0.428845 0.878454 0.000000
0.813427 -0.575315 -0.085721 -0.000000
-0.093888 0.141483 -1.535790 1.000000
BoneName: mixamorig:LeftHandThumb2
BoneIndex: 13
ParentIndex: 12
ChildCount: 1
14
1.000000 0.000000 -0.000000 0.000000
0.000000 0.998564 -0.053563 0.000000
-0.000000 0.053563 0.998564 -0.000000
-0.003472 0.032995 -0.000000 1.000000
0.542149 0.670316 0.506706 0.000000
-0.210737 -0.475282 0.854223 0.000000
0.813427 -0.569898 -0.116414 -0.000000
-0.090417 0.190592 -1.527775 1.000000
BoneName: mixamorig:LeftHandThumb3
BoneIndex: 14
ParentIndex: 13
ChildCount: 1
15
1.000000 0.000000 -0.000000 0.000000
0.000000 0.999398 -0.034707 0.000000
-0.000000 0.034707 0.999398 -0.000000
0.004109 0.033238 -0.000000 1.000000
0.542149 0.652326 0.529665 0.000000
-0.210737 -0.504643 0.837213 0.000000
0.813427 -0.565514 -0.136123 -0.000000
-0.094526 0.210284 -1.521393 1.000000
BoneName: mixamorig:LeftHandThumb4
BoneIndex: 15
ParentIndex: 14
ChildCount: 0
1.000000 0.000000 -0.000000 0.000000
0.000000 1.000000 -0.000000 0.000000
-0.000000 -0.000000 1.000000 -0.000000
-0.000637 0.028207 -0.000000 1.000000
1.000000 0.000000 0.000000 0.000000
0.000000 1.000000 0.000000 0.000000
0.000000 0.000000 1.000000 0.000000
0.000000 0.000000 0.000000 1.000000
BoneName: mixamorig:LeftHandIndex1
BoneIndex: 16
ParentIndex: 11
ChildCount: 1
17
0.992184 0.124782 -0.000000 0.000000
-0.123699 0.983572 -0.131469 0.000000
-0.016405 0.130441 0.991320 -0.000000
-0.031842 0.091906 -0.000929 1.000000
0.064134 0.953659 0.293974 0.000000
-0.154521 -0.281538 0.947027 0.000000
0.985906 -0.106162 0.129304 -0.000000
0.143324 -0.310625 -1.541225 1.000000
BoneName: mixamorig:LeftHandIndex2
BoneIndex: 17
ParentIndex: 16
ChildCount: 1
18
1.000000 0.000000 -0.000000 0.000000
0.000000 0.999404 -0.034513 0.000000
-0.000000 0.034513 0.999404 -0.000000
-0.000111 0.030402 -0.000000 1.000000
0.064134 0.942945 0.326712 0.000000
-0.154521 -0.314054 0.936746 0.000000
0.985906 -0.110561 0.125563 -0.000000
0.143435 -0.287632 -1.552077 1.000000
BoneName: mixamorig:LeftHandIndex3
BoneIndex: 18
ParentIndex: 17
ChildCount: 1
19
1.000000 0.000000 -0.000000 0.000000
0.000000 0.999575 -0.029159 0.000000
-0.000000 0.029159 0.999575 -0.000000
0.000006 0.028965 0.000000 1.000000
0.064134 0.933018 0.354068 0.000000
-0.154521 -0.341235 0.927190 0.000000
0.985906 -0.114175 0.122286 -0.000000
0.143429 -0.271206 -1.560648 1.000000
BoneName: mixamorig:LeftHandIndex4
BoneIndex: 19
ParentIndex: 18
ChildCount: 0
1.000000 0.000000 -0.000000 0.000000
0.000000 1.000000 -0.000000 0.000000
-0.000000 -0.000000 1.000000 -0.000000
0.000105 0.025602 -0.000000 1.000000
1.000000 0.000000 0.000000 0.000000
0.000000 1.000000 0.000000 0.000000
0.000000 0.000000 1.000000 0.000000
0.000000 0.000000 0.000000 1.000000
BoneName: mixamorig:LeftHandMiddle1
BoneIndex: 20
ParentIndex: 11
ChildCount: 1
21
0.998758 0.049825 -0.000000 0.000000
-0.049748 0.997203 -0.055784 0.000000
-0.002779 0.055715 0.998443 -0.000000
-0.009551 0.094756 0.002537 1.000000
-0.010038 0.975269 0.220794 0.000000
-0.142460 -0.219948 0.965053 0.000000
0.989750 -0.021767 0.141144 -0.000000
0.158902 -0.416142 -1.516051 1.000000
BoneName: mixamorig:LeftHandMiddle2
BoneIndex: 21
ParentIndex: 20
ChildCount: 1
22
1.000000 0.000000 -0.000000 0.000000
0.000000 0.999765 -0.021663 0.000000
-0.000000 0.021663 0.999765 -0.000000
-0.000017 0.033976 -0.000000 1.000000
-0.010038 0.970257 0.241869 0.000000
-0.142460 -0.240802 0.960062 0.000000
0.989750 -0.024820 0.140640 -0.000000
0.158919 -0.417170 -1.525446 1.000000
BoneName: mixamorig:LeftHandMiddle3
BoneIndex: 22
ParentIndex: 21
ChildCount: 1
23
1.000000 0.000000 -0.000000 0.000000
0.000000 0.999669 0.025723 0.000000
-0.000000 -0.025723 0.999669 -0.000000
0.000041 0.031982 0.000000 1.000000
-0.010038 0.976157 0.216831 0.000000
-0.142460 -0.216026 0.965939 0.000000
0.989750 -0.021194 0.141232 -0.000000
0.158878 -0.488243 -1.513387 1.000000
BoneName: mixamorig:LeftHandMiddle4
BoneIndex: 23
ParentIndex: 22
ChildCount: 0
1.000000 0.000000 -0.000000 0.000000
0.000000 1.000000 -0.000000 0.000000
-0.000000 -0.000000 1.000000 -0.000000
-0.000024 0.029999 -0.000000 1.000000
1.000000 0.000000 0.000000 0.000000
0.000000 1.000000 0.000000 0.000000
0.000000 0.000000 1.000000 0.000000
0.000000 0.000000 0.000000 1.000000
BoneName: mixamorig:LeftHandRing1
BoneIndex: 24
ParentIndex: 11
ChildCount: 1
25
0.999485 -0.032073 -0.000000 0.000000
0.032072 0.999457 0.007547 0.000000
-0.000242 -0.007543 0.999972 -0.000000
0.010198 0.098464 0.001938 1.000000
-0.090697 0.983164 0.158630 0.000000
-0.128416 -0.169503 0.977127 0.000000
0.987564 0.068252 0.141628 -0.000000
0.179671 -0.500955 -1.486139 1.000000
BoneName: mixamorig:LeftHandRing2
BoneIndex: 25
ParentIndex: 24
ChildCount: 1
26
1.000000 0.000000 -0.000000 0.000000
0.000000 0.997368 -0.072505 0.000000
-0.000000 0.072505 0.997368 -0.000000
-0.000118 0.030499 -0.000000 1.000000
-0.090697 0.969074 0.229497 0.000000
-0.128416 -0.239903 0.962266 0.000000
0.987564 0.057804 0.146204 -0.000000
0.179790 -0.422303 -1.520760 1.000000
BoneName: mixamorig:LeftHandRing3
BoneIndex: 26
ParentIndex: 25
ChildCount: 1
27
1.000000 0.000000 -0.000000 0.000000
0.000000 1.000000 0.000645 0.000000
-0.000000 -0.000645 1.000000 -0.000000
0.000063 0.028506 -0.000000 1.000000
-0.090697 0.969222 0.228872 0.000000
-0.128416 -0.239282 0.962420 0.000000
0.987564 0.057898 0.146166 -0.000000
0.179726 -0.451789 -1.520469 1.000000
BoneName: mixamorig:LeftHandRing4
BoneIndex: 27
ParentIndex: 26
ChildCount: 0
1.000000 0.000000 -0.000000 0.000000
0.000000 1.000000 -0.000000 0.000000
-0.000000 -0.000000 1.000000 -0.000000
0.000055 0.025363 0.000000 1.000000
1.000000 0.000000 0.000000 0.000000
0.000000 1.000000 0.000000 0.000000
0.000000 0.000000 1.000000 0.000000
0.000000 0.000000 0.000000 1.000000
BoneName: mixamorig:LeftHandPinky1
BoneIndex: 28
ParentIndex: 11
ChildCount: 1
29
0.989227 -0.146391 -0.000000 0.000000
0.146351 0.988953 0.023527 0.000000
-0.003444 -0.023273 0.999723 -0.000000
0.031195 0.090701 -0.002782 1.000000
-0.202618 0.968717 0.143295 0.000000
-0.107303 -0.167412 0.980030 0.000000
0.973361 0.183196 0.137867 -0.000000
0.212697 -0.496119 -1.473892 1.000000
BoneName: mixamorig:LeftHandPinky2
BoneIndex: 29
ParentIndex: 28
ChildCount: 1
30
1.000000 0.000000 -0.000000 0.000000
0.000000 0.999920 -0.012654 0.000000
-0.000000 0.012654 0.999920 -0.000000
-0.000090 0.028151 0.000000 1.000000
-0.202618 0.966826 0.155541 0.000000
-0.107303 -0.179799 0.977833 0.000000
0.973361 0.181437 0.140174 -0.000000
0.212787 -0.505577 -1.480408 1.000000
BoneName: mixamorig:LeftHandPinky3
BoneIndex: 30
ParentIndex: 29
ChildCount: 1
31
1.000000 0.000000 -0.000000 0.000000
0.000000 0.995017 -0.099701 0.000000
-0.000000 0.099701 0.995017 -0.000000
-0.000049 0.023477 0.000000 1.000000
-0.202618 0.946501 0.251160 0.000000
-0.107303 -0.276395 0.955035 0.000000
0.973361 0.166557 0.157565 -0.000000
0.212837 -0.378819 -1.525779 1.000000
BoneName: mixamorig:LeftHandPinky4
BoneIndex: 31
ParentIndex: 30
ChildCount: 0
1.000000 0.000000 -0.000000 0.000000
0.000000 1.000000 -0.000000 0.000000
-0.000000 -0.000000 1.000000 -0.000000
0.000140 0.020956 -0.000000 1.000000
1.000000 0.000000 0.000000 0.000000
0.000000 1.000000 0.000000 0.000000
0.000000 0.000000 1.000000 0.000000
0.000000 0.000000 0.000000 1.000000
BoneName: mixamorig:RightShoulder
BoneIndex: 32
ParentIndex: 4
ChildCount: 1
33
-0.035239 -0.000147 -0.999379 0.000000
-0.952868 -0.301513 0.033643 0.000000
-0.301331 0.953462 0.010485 -0.000000
-0.059954 0.131224 0.002095 1.000000
-0.035239 -0.952868 -0.301331 0.000000
0.115379 -0.303381 0.945858 0.000000
-0.992696 -0.001437 0.120632 -0.000000
-0.111370 0.386019 -1.406832 1.000000
BoneName: mixamorig:RightArm
BoneIndex: 33
ParentIndex: 32
ChildCount: 1
34
0.999823 0.018823 -0.000000 0.000000
-0.018414 0.978104 0.207299 0.000000
0.003902 -0.207262 0.978278 -0.000000
-0.000000 0.126417 -0.000000 1.000000
-0.053168 -0.993821 -0.097429 0.000000
0.109648 -0.102788 0.988642 0.000000
-0.992547 0.041881 0.114436 -0.000000
-0.106464 -0.035665 -1.430512 1.000000
BoneName: mixamorig:RightForeArm
BoneIndex: 34
ParentIndex: 33
ChildCount: 1
35
0.993064 -0.117576 -0.000000 0.000000
0.116758 0.986150 0.117794 0.000000
-0.013850 -0.116977 0.993038 -0.000000
0.000000 0.218736 0.000000 1.000000
0.064050 -0.997741 0.020239 0.000000
0.120973 0.027894 0.992264 0.000000
-0.990587 -0.061107 0.122487 -0.000000
-0.075814 -0.431814 -1.389320 1.000000
BoneName: mixamorig:RightHand
BoneIndex: 35
ParentIndex: 34
ChildCount: 5
36
40
44
48
52
0.992409 0.118677 0.032251 0.000000
-0.110393 0.975227 -0.191690 0.000000
-0.054201 0.186674 0.980926 -0.000000
0.000000 0.250757 -0.000000 1.000000
-0.054192 -0.983975 -0.169871 0.000000
0.155366 -0.176358 0.971987 0.000000
-0.986369 0.026282 0.162434 -0.000000
-0.201051 -0.390975 -1.486128 1.000000
BoneName: mixamorig:RightHandThumb1
BoneIndex: 36
ParentIndex: 35
ChildCount: 1
37
0.832197 -0.554481 -0.000000 0.000000
0.510046 0.765507 -0.392240 0.000000
0.217489 0.326421 0.919863 -0.000000
0.025171 0.027496 -0.015709 1.000000
0.500497 -0.714250 -0.489234 0.000000
0.227083 -0.437011 0.870319 0.000000
-0.835426 -0.546688 -0.056529 -0.000000
0.043773 0.141032 -1.538383 1.000000
BoneName: mixamorig:RightHandThumb2
BoneIndex: 37
ParentIndex: 36
ChildCount: 1
38
1.000000 0.000000 -0.000000 0.000000
0.000000 0.998500 -0.054760 0.000000
-0.000000 0.054760 0.998500 -0.000000
0.004561 0.032039 0.000000 1.000000
0.500497 -0.686388 -0.527613 0.000000
0.227083 -0.484015 0.845082 0.000000
-0.835426 -0.542772 -0.086381 -0.000000
0.039212 0.193072 -1.530106 1.000000
BoneName: mixamorig:RightHandThumb3
BoneIndex: 38
ParentIndex: 37
ChildCount: 1
39
1.000000 0.000000 -0.000000 0.000000
0.000000 0.999279 -0.037979 0.000000
-0.000000 0.037979 0.999279 -0.000000
-0.002446 0.033286 -0.000000 1.000000
0.500497 -0.665854 -0.553300 0.000000
0.227083 -0.515761 0.826090 0.000000
-0.835426 -0.539100 -0.106933 -0.000000
0.041658 0.217783 -1.522934 1.000000
BoneName: mixamorig:RightHandThumb4
BoneIndex: 39
ParentIndex: 38
ChildCount: 0
1.000000 0.000000 -0.000000 0.000000
0.000000 1.000000 -0.000000 0.000000
-0.000000 -0.000000 1.000000 -0.000000
-0.002115 0.030518 0.000000 1.000000
1.000000 0.000000 0.000000 0.000000
0.000000 1.000000 0.000000 0.000000
0.000000 0.000000 1.000000 0.000000
0.000000 0.000000 0.000000 1.000000
BoneName: mixamorig:RightHandIndex1
BoneIndex: 40
ParentIndex: 35
ChildCount: 1
41
0.991126 -0.132923 -0.000000 0.000000
0.131569 0.981025 -0.142406 0.000000
0.018929 0.141142 0.989808 -0.000000
0.031205 0.091847 -0.000422 1.000000
0.077082 -0.948244 -0.308046 0.000000
0.177430 -0.290988 0.940130 0.000000
-0.981110 -0.127124 0.145817 -0.000000
-0.166017 -0.292644 -1.543108 1.000000
BoneName: mixamorig:RightHandIndex2
BoneIndex: 41
ParentIndex: 40
ChildCount: 1
42
1.000000 0.000000 -0.000000 0.000000
0.000000 0.999295 -0.037531 0.000000
-0.000000 0.037531 0.999295 -0.000000
-0.000022 0.031519 -0.000000 1.000000
0.077082 -0.936014 -0.343418 0.000000
0.177430 -0.326066 0.928547 0.000000
-0.981110 -0.132507 0.140943 -0.000000
-0.165995 -0.266020 -1.554187 1.000000
BoneName: mixamorig:RightHandIndex3
BoneIndex: 42
ParentIndex: 41
ChildCount: 1
43
1.000000 0.000000 -0.000000 0.000000
0.000000 0.993977 0.109586 0.000000
-0.000000 -0.109586 0.993977 -0.000000
-0.000128 0.028994 -0.000000 1.000000
0.077082 -0.968011 -0.238776 0.000000
0.177430 -0.222347 0.958687 0.000000
-0.981110 -0.116263 0.154615 -0.000000
-0.165866 -0.463554 -1.512497 1.000000
BoneName: mixamorig:RightHandIndex4
BoneIndex: 43
ParentIndex: 42
ChildCount: 0
1.000000 0.000000 -0.000000 0.000000
0.000000 1.000000 -0.000000 0.000000
-0.000000 -0.000000 1.000000 -0.000000
0.000151 0.026910 0.000000 1.000000
1.000000 0.000000 0.000000 0.000000
0.000000 1.000000 0.000000 0.000000
0.000000 0.000000 1.000000 0.000000
0.000000 0.000000 0.000000 1.000000
BoneName: mixamorig:RightHandMiddle1
BoneIndex: 44
ParentIndex: 35
ChildCount: 1
45
0.999245 -0.038856 -0.000000 0.000000
0.038749 0.996491 -0.074188 0.000000
0.002883 0.074132 0.997244 -0.000000
0.009301 0.094702 0.003210 1.000000
-0.015918 -0.970020 -0.242503 0.000000
0.162102 -0.241829 0.956683 0.000000
-0.986646 -0.024082 0.161091 -0.000000
-0.191321 -0.381633 -1.521844 1.000000
BoneName: mixamorig:RightHandMiddle2
BoneIndex: 45
ParentIndex: 44
ChildCount: 1
46
1.000000 0.000000 -0.000000 0.000000
0.000000 0.999997 -0.002419 0.000000
-0.000000 0.002419 0.999997 -0.000000
-0.000009 0.034072 -0.000000 1.000000
-0.015918 -0.969431 -0.244849 0.000000
0.162102 -0.244143 0.956095 0.000000
-0.986646 -0.024472 0.161033 -0.000000
-0.191312 -0.412022 -1.522846 1.000000
BoneName: mixamorig:RightHandMiddle3
BoneIndex: 46
ParentIndex: 45
ChildCount: 1
47
1.000000 0.000000 -0.000000 0.000000
0.000000 0.999891 0.014780 0.000000
-0.000000 -0.014780 0.999891 -0.000000
-0.000017 0.032031 -0.000000 1.000000
-0.015918 -0.972943 -0.230495 0.000000
0.162102 -0.229985 0.959599 0.000000
-0.986646 -0.022089 0.161377 -0.000000
-0.191295 -0.466512 -1.516116 1.000000
BoneName: mixamorig:RightHandMiddle4
BoneIndex: 47
ParentIndex: 46
ChildCount: 0
1.000000 0.000000 -0.000000 0.000000
0.000000 1.000000 -0.000000 0.000000
-0.000000 -0.000000 1.000000 -0.000000
0.000026 0.030269 -0.000000 1.000000
1.000000 0.000000 0.000000 0.000000
0.000000 1.000000 0.000000 0.000000
0.000000 0.000000 1.000000 0.000000
0.000000 0.000000 0.000000 1.000000
BoneName: mixamorig:RightHandRing1
BoneIndex: 48
ParentIndex: 35
ChildCount: 1
49
0.998332 0.057730 -0.000000 0.000000
-0.057399 0.992611 0.106903 0.000000
0.006172 -0.106725 0.994269 -0.000000
-0.009894 0.096795 -0.000240 1.000000
-0.110907 -0.991754 -0.064218 0.000000
0.144926 -0.080065 0.986198 0.000000
-0.983207 0.100069 0.152611 -0.000000
-0.218997 -0.632039 -1.426497 1.000000
BoneName: mixamorig:RightHandRing2
BoneIndex: 49
ParentIndex: 48
ChildCount: 1
50
1.000000 0.000000 -0.000000 0.000000
0.000000 0.990347 -0.138611 0.000000
-0.000000 0.138611 0.990347 -0.000000
0.000445 0.030119 -0.000000 1.000000
-0.110907 -0.973279 -0.201066 0.000000
0.144926 -0.215990 0.965580 0.000000
-0.983207 0.077949 0.165008 -0.000000
-0.219442 -0.458037 -1.504509 1.000000
BoneName: mixamorig:RightHandRing3
BoneIndex: 50
ParentIndex: 49
ChildCount: 1
51
1.000000 0.000000 -0.000000 0.000000
0.000000 0.981293 -0.192520 0.000000
-0.000000 0.192520 0.981293 -0.000000
0.000027 0.028889 -0.000000 1.000000
-0.110907 -0.916363 -0.384681 0.000000
0.144926 -0.397843 0.905934 0.000000
-0.983207 0.044724 0.176928 -0.000000
-0.219469 -0.188169 -1.570107 1.000000
BoneName: mixamorig:RightHandRing4
BoneIndex: 51
ParentIndex: 50
ChildCount: 0
1.000000 0.000000 -0.000000 0.000000
0.000000 1.000000 -0.000000 0.000000
-0.000000 -0.000000 1.000000 -0.000000
-0.000472 0.025514 0.000000 1.000000
1.000000 0.000000 0.000000 0.000000
0.000000 1.000000 0.000000 0.000000
0.000000 0.000000 1.000000 0.000000
0.000000 0.000000 0.000000 1.000000
BoneName: mixamorig:RightHandPinky1
BoneIndex: 52
ParentIndex: 35
ChildCount: 1
53
0.984072 0.177768 -0.000000 0.000000
-0.177681 0.983588 0.031363 0.000000
0.005575 -0.030863 0.999508 -0.000000
-0.030613 0.089744 -0.002110 1.000000
-0.228249 -0.963525 -0.139721 0.000000
0.121541 -0.170585 0.977818 0.000000
-0.965987 0.206204 0.156044 -0.000000
-0.253180 -0.489088 -1.469402 1.000000
BoneName: mixamorig:RightHandPinky2
BoneIndex: 53
ParentIndex: 52
ChildCount: 1
54
1.000000 0.000000 -0.000000 0.000000
0.000000 0.999997 0.002496 0.000000
-0.000000 -0.002496 0.999997 -0.000000
0.000111 0.028033 -0.000000 1.000000
-0.228249 -0.963871 -0.137315 0.000000
0.121541 -0.168144 0.978241 0.000000
-0.965987 0.206593 0.155528 -0.000000
-0.253291 -0.520788 -1.468106 1.000000
BoneName: mixamorig:RightHandPinky3
BoneIndex: 54
ParentIndex: 53
ChildCount: 1
55
1.000000 0.000000 -0.000000 0.000000
0.000000 0.991044 -0.133536 0.000000
-0.000000 0.133536 0.991044 -0.000000
0.000102 0.023834 0.000000 1.000000
-0.228249 -0.936902 -0.264797 0.000000
0.121541 -0.297269 0.947026 0.000000
-0.965987 0.183974 0.181723 -0.000000
-0.253393 -0.343699 -1.527685 1.000000
BoneName: mixamorig:RightHandPinky4
BoneIndex: 55
ParentIndex: 54
ChildCount: 0
1.000000 0.000000 -0.000000 0.000000
0.000000 1.000000 -0.000000 0.000000
-0.000000 -0.000000 1.000000 -0.000000
-0.000213 0.021993 0.000000 1.000000
1.000000 0.000000 0.000000 0.000000
0.000000 1.000000 0.000000 0.000000
0.000000 0.000000 1.000000 0.000000
0.000000 0.000000 0.000000 1.000000
BoneName: mixamorig:LeftUpLeg
BoneIndex: 56
ParentIndex: 1
ChildCount: 1
57
-0.993239 -0.115674 0.009820 0.000000
0.116090 -0.989679 0.084015 0.000000
0.000000 0.084587 0.996416 -0.000000
0.102878 -0.055137 -0.002403 1.000000
-0.993239 0.116090 0.000000 0.000000
-0.115674 -0.989679 0.084587 0.000000
0.009820 0.084015 0.996416 -0.000000
0.209432 0.906234 -0.078066 1.000000
BoneName: mixamorig:LeftLeg
BoneIndex: 57
ParentIndex: 56
ChildCount: 1
58
0.999159 -0.041014 -0.000000 0.000000
0.041011 0.999083 -0.012273 0.000000
0.000503 0.012263 0.999925 -0.000000
-0.000000 0.443358 0.000000 1.000000
-0.997164 0.075250 0.000924 0.000000
-0.074986 -0.994554 0.072386 0.000000
0.006366 0.072112 0.997376 -0.000000
0.190272 0.471999 -0.072278 1.000000
BoneName: mixamorig:LeftFoot
BoneIndex: 58
ParentIndex: 57
ChildCount: 1
59
0.999959 -0.000000 -0.009079 0.000000
-0.007486 0.565742 -0.824548 0.000000
0.005136 0.824582 0.565719 -0.000000
0.000000 0.361191 -0.000000 1.000000
-0.997132 0.049276 0.057450 0.000000
-0.075640 -0.621785 -0.779527 0.000000
-0.002690 -0.781636 0.623729 -0.000000
0.190920 0.120861 0.051459 1.000000
BoneName: mixamorig:LeftToeBase
BoneIndex: 59
ParentIndex: 58
ChildCount: 1
60
0.998769 0.000000 -0.049611 0.000000
-0.032689 0.752215 -0.658106 0.000000
0.037318 0.658918 0.751289 -0.000000
0.000000 0.169552 0.000000 1.000000
-0.998754 0.031853 0.038420 0.000000
-0.036874 0.047768 -0.998178 0.000000
-0.033630 -0.998350 -0.046533 -0.000000
0.188132 -0.076732 0.013702 1.000000
BoneName: mixamorig:LeftToe_End
BoneIndex: 60
ParentIndex: 59
ChildCount: 0
1.000000 0.000000 -0.000000 0.000000
0.000000 1.000000 -0.000000 0.000000
-0.000000 -0.000000 1.000000 -0.000000
0.000000 0.067698 -0.000000 1.000000
-0.998754 0.031853 0.038420 0.000000
-0.036874 0.047768 -0.998178 0.000000
-0.033630 -0.998350 -0.046533 -0.000000
0.188132 -0.144430 0.013702 1.000000
BoneName: mixamorig:RightUpLeg
BoneIndex: 61
ParentIndex: 1
ChildCount: 1
62
-0.993243 0.115593 -0.010285 0.000000
-0.116050 -0.989335 0.088031 0.000000
0.000000 0.088630 0.996065 -0.000000
-0.102878 -0.055137 -0.003260 1.000000
-0.993243 -0.116050 -0.000000 0.000000
0.115593 -0.989335 0.088630 0.000000
-0.010285 0.088031 0.996065 -0.000000
-0.209499 0.905980 -0.080964 1.000000
BoneName: mixamorig:RightLeg
BoneIndex: 62
ParentIndex: 61
ChildCount: 1
63
0.999162 0.040937 -0.000000 0.000000
-0.040927 0.998933 -0.021384 0.000000
-0.000875 0.021366 0.999771 -0.000000
0.000000 0.443512 -0.000000 1.000000
-0.997162 -0.075275 -0.001610 0.000000
0.074996 -0.994905 0.067370 0.000000
-0.006673 0.067058 0.997727 -0.000000
-0.190391 0.472281 -0.070881 1.000000
BoneName: mixamorig:RightFoot
BoneIndex: 63
ParentIndex: 62
ChildCount: 1
64
0.999956 0.000000 0.009396 0.000000
0.007718 0.570291 -0.821407 0.000000
-0.005359 0.821443 0.570266 -0.000000
-0.000000 0.361065 -0.000000 1.000000
-0.997133 -0.049303 -0.057409 0.000000
0.075626 -0.622145 -0.779241 0.000000
0.002702 -0.781348 0.624089 -0.000000
-0.191049 0.120177 0.051957 1.000000
BoneName: mixamorig:RightToeBase
BoneIndex: 64
ParentIndex: 63
ChildCount: 1
65
0.998745 0.000000 0.050075 0.000000
0.033032 0.751562 -0.658835 0.000000
-0.037634 0.659663 0.750619 -0.000000
-0.000000 0.169441 0.000000 1.000000
-0.998756 -0.032169 -0.038089 0.000000
0.036511 0.048309 -0.998165 0.000000
0.033950 -0.998314 -0.047074 -0.000000
-0.188207 -0.077566 0.013693 1.000000
BoneName: mixamorig:RightToe_End
BoneIndex: 65
ParentIndex: 64
ChildCount: 0
1.000000 0.000000 -0.000000 0.000000
0.000000 1.000000 -0.000000 0.000000
-0.000000 -0.000000 1.000000 -0.000000
0.000000 0.067022 -0.000000 1.000000
-0.998756 -0.032169 -0.038089 0.000000
0.036511 0.048309 -0.998165 0.000000
0.033950 -0.998314 -0.047074 -0.000000
-0.188207 -0.144589 0.013693 1.000000
BoneName: Ch02_Cloth
BoneIndex: 66
ParentIndex: 0
ChildCount: 0
1.000000 0.000000 -0.000000 0.000000
0.000000 1.000000 -0.000000 0.000000
-0.000000 -0.000000 1.000000 -0.000000
0.000000 0.000000 -0.000000 1.000000
1.000000 0.000000 0.000000 0.000000
0.000000 1.000000 0.000000 0.000000
0.000000 0.000000 1.000000 0.000000
0.000000 0.000000 0.000000 1.000000
BoneName: Ch02_Eyelashes
BoneIndex: 67
ParentIndex: 0
ChildCount: 0
1.000000 0.000000 -0.000000 0.000000
0.000000 1.000000 -0.000000 0.000000
-0.000000 -0.000000 1.000000 -0.000000
0.000000 0.000000 -0.000000 1.000000
1.000000 0.000000 0.000000 0.000000
0.000000 1.000000 0.000000 0.000000
0.000000 0.000000 1.000000 0.000000
0.000000 0.000000 0.000000 1.000000
BoneName: Ch02_Body
BoneIndex: 68
ParentIndex: 0
ChildCount: 0
1.000000 0.000000 -0.000000 0.000000
0.000000 1.000000 -0.000000 0.000000
-0.000000 -0.000000 1.000000 -0.000000
0.000000 0.000000 -0.000000 1.000000
1.000000 0.000000 0.000000 0.000000
0.000000 1.000000 0.000000 0.000000
0.000000 0.000000 1.000000 0.000000
0.000000 0.000000 0.000000 1.000000
BoneName: Ch02_Sneakers
BoneIndex: 69
ParentIndex: 0
ChildCount: 0
1.000000 0.000000 -0.000000 0.000000
0.000000 1.000000 -0.000000 0.000000
-0.000000 -0.000000 1.000000 -0.000000
0.000000 0.000000 -0.000000 1.000000
1.000000 0.000000 0.000000 0.000000
0.000000 1.000000 0.000000 0.000000
0.000000 0.000000 1.000000 0.000000
0.000000 0.000000 0.000000 1.000000
BoneName: Ch02_Socks
BoneIndex: 70
ParentIndex: 0
ChildCount: 0
1.000000 0.000000 -0.000000 0.000000
0.000000 1.000000 -0.000000 0.000000
-0.000000 -0.000000 1.000000 -0.000000
0.000000 0.000000 -0.000000 1.000000
1.000000 0.000000 0.000000 0.000000
0.000000 1.000000 0.000000 0.000000
0.000000 0.000000 1.000000 0.000000
0.000000 0.000000 0.000000 1.000000
BoneName: Ch02_Hair
BoneIndex: 71
ParentIndex: 0
ChildCount: 0
1.000000 0.000000 -0.000000 0.000000
0.000000 1.000000 -0.000000 0.000000
-0.000000 -0.000000 1.000000 -0.000000
0.000000 0.000000 -0.000000 1.000000
1.000000 0.000000 0.000000 0.000000
0.000000 1.000000 0.000000 0.000000
0.000000 0.000000 1.000000 0.000000
0.000000 0.000000 0.000000 1.000000
