BoneCount: 67
RootBone: 0
BoneName: RootNode
BoneIndex: 0
ParentIndex: -1
ChildCount: 2
1
2
1.000000 0.000000 -0.000000 0.000000
0.000000 1.000000 -0.000000 0.000000
-0.000000 -0.000000 1.000000 -0.000000
0.000000 0.000000 -0.000000 1.000000
1.000000 0.000000 0.000000 0.000000
0.000000 1.000000 0.000000 0.000000
0.000000 0.000000 1.000000 0.000000
0.000000 0.000000 0.000000 1.000000
BoneName: Ch36
BoneIndex: 1
ParentIndex: 0
ChildCount: 0
1.000000 0.000000 -0.000000 0.000000
0.000000 1.000000 -0.000000 0.000000
-0.000000 -0.000000 1.000000 -0.000000
0.000000 0.000000 -0.000000 1.000000
1.000000 0.000000 0.000000 0.000000
0.000000 1.000000 0.000000 0.000000
0.000000 0.000000 1.000000 0.000000
0.000000 0.000000 0.000000 1.000000
BoneName: mixamorig1:Hips
BoneIndex: 2
ParentIndex: 0
ChildCount: 3
3
57
62
1.000000 0.000000 -0.000000 0.000000
0.000000 1.000000 -0.000000 0.000000
-0.000000 -0.000000 1.000000 -0.000000
-0.000000 0.997540 -0.030079 1.000000
1.000000 0.000000 -0.000000 0.000000
0.000000 1.000000 -0.000000 0.000000
-0.000000 -0.000000 1.000000 -0.000000
0.000000 -0.997544 0.030079 1.000000
BoneName: mixamorig1:Spine
BoneIndex: 3
ParentIndex: 2
ChildCount: 1
4
1.000000 0.000000 -0.000000 0.000000
0.000000 0.992705 0.120572 0.000000
-0.000000 -0.120572 0.992705 -0.000000
0.000000 0.097173 0.011802 1.000000
1.000000 0.000000 -0.000000 0.000000
0.000000 0.992705 -0.120572 0.000000
-0.000000 0.120572 0.992705 -0.000000
0.000000 -1.084526 0.150136 1.000000
BoneName: mixamorig1:Spine1
BoneIndex: 4
ParentIndex: 3
ChildCount: 1
5
1.000000 0.000000 -0.000000 0.000000
0.000000 1.000000 -0.000000 0.000000
-0.000000 -0.000000 1.000000 -0.000000
0.000000 0.114201 0.000000 1.000000
1.000000 0.000000 -0.000000 0.000000
0.000000 0.992705 -0.120572 0.000000
-0.000000 0.120572 0.992705 -0.000000
0.000000 -1.198728 0.150136 1.000000
BoneName: mixamorig1:Spine2
BoneIndex: 5
ParentIndex: 4
ChildCount: 3
6
9
33
1.000000 0.000000 -0.000000 0.000000
0.000000 1.000000 -0.000000 0.000000
-0.000000 -0.000000 1.000000 -0.000000
0.000000 0.130516 -0.000000 1.000000
1.000000 0.000000 -0.000000 0.000000
0.000000 0.992705 -0.120572 0.000000
-0.000000 0.120572 0.992705 -0.000000
0.000000 -1.329243 0.150136 1.000000
BoneName: mixamorig1:Neck
BoneIndex: 6
ParentIndex: 5
ChildCount: 1
7
1.000000 0.000000 -0.000000 0.000000
0.000000 0.992705 -0.120572 0.000000
-0.000000 0.120572 0.992705 -0.000000
0.000000 0.146830 -0.000000 1.000000
1.000000 0.000000 -0.000000 0.000000
0.000000 1.000000 -0.000000 0.000000
-0.000000 -0.000000 1.000000 -0.000000
0.000000 -1.483407 -0.028933 1.000000
BoneName: mixamorig1:Head
BoneIndex: 7
ParentIndex: 6
ChildCount: 1
8
1.000000 0.000000 -0.000000 0.000000
0.000000 1.000000 -0.000000 0.000000
-0.000000 -0.000000 1.000000 -0.000000
0.000000 0.067202 -0.019722 1.000000
1.000000 0.000000 -0.000000 0.000000
0.000000 1.000000 -0.000000 0.000000
-0.000000 -0.000000 1.000000 -0.000000
0.000000 -1.550609 -0.009212 1.000000
BoneName: mixamorig1:HeadTop_End
BoneIndex: 8
ParentIndex: 7
ChildCount: 0
1.000000 0.000000 -0.000000 0.000000
0.000000 1.000000 -0.000000 0.000000
-0.000000 -0.000000 1.000000 -0.000000
0.000000 0.209998 -0.061628 1.000000
1.000000 0.000000 0.000000 0.000000
0.000000 1.000000 0.000000 0.000000
0.000000 0.000000 1.000000 0.000000
0.000000 0.000000 0.000000 1.000000
BoneName: mixamorig1:LeftShoulder
BoneIndex: 9
ParentIndex: 5
ChildCount: 1
10
-0.037604 -0.000195 0.999293 0.000000
0.964558 -0.261369 0.036246 0.000000
0.261177 0.965239 0.010016 -0.000000
0.061402 0.130007 0.002336 1.000000
-0.037604 0.964558 0.261177 0.000000
-0.120681 -0.263832 0.956989 0.000000
0.991979 0.004467 0.126325 -0.000000
0.150289 0.327535 -1.423082 1.000000
BoneName: mixamorig1:LeftArm
BoneIndex: 10
ParentIndex: 9
ChildCount: 1
11
0.999536 -0.030449 -0.000000 0.000000
0.029851 0.979907 0.197208 0.000000
-0.006005 -0.197116 0.980362 -0.000000
-0.000000 0.130059 0.000000 1.000000
-0.066956 0.995561 0.066141 0.000000
-0.112592 -0.073406 0.990926 0.000000
0.991383 0.058902 0.117007 -0.000000
0.144207 -0.082652 -1.434963 1.000000
BoneName: mixamorig1:LeftForeArm
BoneIndex: 11
ParentIndex: 10
ChildCount: 1
12
0.993622 0.112763 -0.000000 0.000000
-0.112216 0.988805 0.098344 0.000000
0.011090 -0.097717 0.995152 -0.000000
-0.000000 0.255608 0.000000 1.000000
0.045733 0.998435 -0.032202 0.000000
-0.120151 0.037499 0.992047 0.000000
0.991702 -0.041500 0.121678 -0.000000
0.105144 -0.491772 -1.393355 1.000000
BoneName: mixamorig1:LeftHand
BoneIndex: 12
ParentIndex: 11
ChildCount: 5
13
17
21
25
29
0.972897 0.055392 0.224506 0.000000
-0.030837 0.993293 -0.111439 0.000000
-0.229173 0.101495 0.968080 -0.000000
-0.000000 0.234041 -0.000000 1.000000
0.092569 0.993916 0.059683 0.000000
0.107903 -0.069600 0.991722 0.000000
0.989842 -0.085363 -0.113689 -0.000000
-0.250726 -0.568911 -1.446642 1.000000
BoneName: mixamorig1:LeftHandThumb1
BoneIndex: 13
ParentIndex: 12
ChildCount: 1
14
0.865114 0.501576 -0.000000 0.000000
-0.487128 0.840194 -0.238286 0.000000
-0.119519 0.206145 0.971195 -0.000000
-0.028677 0.039358 -0.011883 1.000000
0.578606 0.775768 0.251789 0.000000
0.058439 -0.347353 0.935912 0.000000
0.813510 -0.526810 -0.246316 -0.000000
-0.497192 -0.061017 -1.492283 1.000000
BoneName: mixamorig1:LeftHandThumb2
BoneIndex: 14
ParentIndex: 13
ChildCount: 1
15
1.000000 0.000000 -0.000000 0.000000
0.000000 0.985752 -0.168204 0.000000
-0.000000 0.168204 0.985752 -0.000000
-0.004054 0.039896 0.000000 1.000000
0.578606 0.722364 0.378689 0.000000
0.058439 -0.499828 0.864151 0.000000
0.813511 -0.477873 -0.331418 -0.000000
-0.493137 0.151533 -1.487995 1.000000
BoneName: mixamorig1:LeftHandThumb3
BoneIndex: 15
ParentIndex: 14
ChildCount: 1
16
1.000000 0.000000 -0.000000 0.000000
0.000000 1.000000 0.000773 0.000000
-0.000000 -0.000773 1.000000 -0.000000
-0.000373 0.035999 -0.000000 1.000000
0.578607 0.722656 0.378130 0.000000
0.058440 -0.499159 0.864537 0.000000
0.813510 -0.478129 -0.331049 -0.000000
-0.492765 0.114382 -1.488084 1.000000
BoneName: mixamorig1:LeftHandThumb4
BoneIndex: 16
ParentIndex: 15
ChildCount: 0
1.000000 0.000000 -0.000000 0.000000
0.000000 1.000000 -0.000000 0.000000
-0.000000 -0.000000 1.000000 -0.000000
0.004427 0.029791 0.000000 1.000000
1.000000 0.000000 0.000000 0.000000
0.000000 1.000000 0.000000 0.000000
0.000000 0.000000 1.000000 0.000000
0.000000 0.000000 0.000000 1.000000
BoneName: mixamorig1:LeftHandIndex1
BoneIndex: 17
ParentIndex: 12
ChildCount: 1
18
0.993147 0.116869 -0.000000 0.000000
-0.116785 0.992435 -0.037860 0.000000
-0.004425 0.037600 0.999283 -0.000000
-0.034842 0.117579 -0.001131 1.000000
0.208093 0.973327 0.096600 0.000000
0.099029 -0.119220 0.987917 0.000000
0.973083 -0.196012 -0.121197 -0.000000
-0.294634 -0.601361 -1.469331 1.000000
BoneName: mixamorig1:LeftHandIndex2
BoneIndex: 18
ParentIndex: 17
ChildCount: 1
19
1.000000 0.000000 -0.000000 0.000000
0.000000 0.992575 -0.121635 0.000000
-0.000000 0.121635 0.992575 -0.000000
0.000231 0.032984 -0.000000 1.000000
0.208093 0.954350 0.214274 0.000000
0.099029 -0.238500 0.966080 0.000000
0.973083 -0.179815 -0.144139 -0.000000
-0.294865 -0.450912 -1.535579 1.000000
BoneName: mixamorig1:LeftHandIndex3
BoneIndex: 19
ParentIndex: 18
ChildCount: 1
20
1.000000 0.000000 -0.000000 0.000000
0.000000 0.998738 -0.050218 0.000000
-0.000000 0.050218 0.998738 -0.000000
-0.000068 0.030810 -0.000000 1.000000
0.208093 0.942386 0.261930 0.000000
0.099029 -0.286715 0.952884 0.000000
0.973083 -0.172350 -0.152987 -0.000000
-0.294797 -0.404000 -1.557833 1.000000
BoneName: mixamorig1:LeftHandIndex4
BoneIndex: 20
ParentIndex: 19
ChildCount: 0
1.000000 0.000000 -0.000000 0.000000
0.000000 1.000000 -0.000000 0.000000
-0.000000 -0.000000 1.000000 -0.000000
-0.000163 0.027121 0.000000 1.000000
1.000000 0.000000 0.000000 0.000000
0.000000 1.000000 0.000000 0.000000
0.000000 0.000000 1.000000 0.000000
0.000000 0.000000 0.000000 1.000000
BoneName: mixamorig1:LeftHandMiddle1
BoneIndex: 21
ParentIndex: 12
ChildCount: 1
22
0.999996 -0.002946 0.000000 0.000000
0.002934 0.995795 -0.091567 0.000000
0.000270 0.091566 0.995799 -0.000000
-0.010293 0.123471 0.003158 1.000000
0.089640 0.984543 0.150467 0.000000
0.108108 -0.159801 0.981212 0.000000
0.990090 -0.071689 -0.120761 -0.000000
-0.238392 -0.557422 -1.507174 1.000000
BoneName: mixamorig1:LeftHandMiddle2
BoneIndex: 22
ParentIndex: 21
ChildCount: 1
23
1.000000 0.000000 -0.000000 0.000000
0.000000 0.994450 -0.105210 0.000000
-0.000000 0.105210 0.994450 -0.000000
0.000099 0.034322 0.000000 1.000000
0.089640 0.963247 0.253216 0.000000
0.108107 -0.262148 0.958953 0.000000
0.990090 -0.058586 -0.127633 -0.000000
-0.238491 -0.429888 -1.561067 1.000000
BoneName: mixamorig1:LeftHandMiddle3
BoneIndex: 23
ParentIndex: 22
ChildCount: 1
24
1.000000 0.000000 -0.000000 0.000000
0.000000 0.998477 0.055161 0.000000
-0.000000 -0.055161 0.998477 -0.000000
-0.000100 0.031609 -0.000000 1.000000
0.089640 0.975749 0.199696 0.000000
0.108108 -0.208851 0.971954 0.000000
0.990090 -0.065537 -0.124207 -0.000000
-0.238391 -0.546906 -1.533233 1.000000
BoneName: mixamorig1:LeftHandMiddle4
BoneIndex: 24
ParentIndex: 23
ChildCount: 0
1.000000 0.000000 -0.000000 0.000000
0.000000 1.000000 -0.000000 0.000000
-0.000000 -0.000000 1.000000 -0.000000
0.000000 0.028764 -0.000000 1.000000
1.000000 0.000000 0.000000 0.000000
0.000000 1.000000 0.000000 0.000000
0.000000 0.000000 1.000000 0.000000
0.000000 0.000000 0.000000 1.000000
BoneName: mixamorig1:LeftHandRing1
BoneIndex: 25
ParentIndex: 12
ChildCount: 1
26
0.998875 -0.047426 0.000000 0.000000
0.045997 0.968770 -0.243656 0.000000
0.011556 0.243382 0.969862 -0.000000
0.012667 0.125059 0.002771 1.000000
0.045327 0.952594 0.300851 0.000000
0.111082 -0.304099 0.946142 0.000000
0.992777 -0.009467 -0.119600 -0.000000
-0.230185 -0.331260 -1.577673 1.000000
BoneName: mixamorig1:LeftHandRing2
BoneIndex: 26
ParentIndex: 25
ChildCount: 1
27
1.000000 0.000000 -0.000000 0.000000
0.000000 0.997188 0.074939 0.000000
-0.000000 -0.074939 0.997188 -0.000000
-0.000066 0.027261 -0.000000 1.000000
0.045327 0.972460 0.228619 0.000000
0.111083 -0.232341 0.966271 0.000000
0.992777 -0.018403 -0.118555 -0.000000
-0.230120 -0.475743 -1.546368 1.000000
BoneName: mixamorig1:LeftHandRing3
BoneIndex: 27
ParentIndex: 26
ChildCount: 1
28
1.000000 0.000000 -0.000000 0.000000
0.000000 0.999991 0.004291 0.000000
-0.000000 -0.004291 0.999991 -0.000000
0.000034 0.026203 0.000000 1.000000
0.045327 0.973433 0.224444 0.000000
0.111083 -0.228193 0.967259 0.000000
0.992777 -0.018911 -0.118475 -0.000000
-0.230154 -0.508577 -1.544201 1.000000
BoneName: mixamorig1:LeftHandRing4
BoneIndex: 28
ParentIndex: 27
ChildCount: 0
1.000000 0.000000 -0.000000 0.000000
0.000000 1.000000 -0.000000 0.000000
-0.000000 -0.000000 1.000000 -0.000000
0.000032 0.022269 -0.000000 1.000000
1.000000 0.000000 0.000000 0.000000
0.000000 1.000000 0.000000 0.000000
0.000000 0.000000 1.000000 0.000000
0.000000 0.000000 0.000000 1.000000
BoneName: mixamorig1:LeftHandPinky1
BoneIndex: 29
ParentIndex: 12
ChildCount: 1
30
0.994413 -0.105563 0.000000 0.000000
0.103643 0.976326 -0.189858 0.000000
0.020042 0.188797 0.981812 -0.000000
0.032468 0.111020 0.001128 1.000000
-0.012869 0.968649 0.248099 0.000000
0.114647 -0.245054 0.962707 0.000000
0.993323 0.040833 -0.107899 -0.000000
-0.209836 -0.418316 -1.555482 1.000000
BoneName: mixamorig1:LeftHandPinky2
BoneIndex: 30
ParentIndex: 29
ChildCount: 1
31
1.000000 0.000000 -0.000000 0.000000
0.000000 0.996843 -0.079401 0.000000
-0.000000 0.079401 0.996843 -0.000000
0.000084 0.027346 0.000000 1.000000
-0.012869 0.945892 0.324227 0.000000
0.114647 -0.320719 0.940210 0.000000
0.993323 0.049271 -0.104316 -0.000000
-0.209920 -0.320751 -1.585957 1.000000
BoneName: mixamorig1:LeftHandPinky3
BoneIndex: 31
ParentIndex: 30
ChildCount: 1
32
1.000000 0.000000 -0.000000 0.000000
0.000000 0.999637 -0.026939 0.000000
-0.000000 0.026939 0.999637 -0.000000
-0.000029 0.021940 -0.000000 1.000000
-0.012869 0.936814 0.349592 0.000000
0.114647 -0.345933 0.931228 0.000000
0.993323 0.052063 -0.102951 -0.000000
-0.209891 -0.299839 -1.594613 1.000000
BoneName: mixamorig1:LeftHandPinky4
BoneIndex: 32
ParentIndex: 31
ChildCount: 0
1.000000 0.000000 -0.000000 0.000000
0.000000 1.000000 -0.000000 0.000000
-0.000000 -0.000000 1.000000 -0.000000
-0.000055 0.019755 -0.000000 1.000000
1.000000 0.000000 0.000000 0.000000
0.000000 1.000000 0.000000 0.000000
0.000000 0.000000 1.000000 0.000000
0.000000 0.000000 0.000000 1.000000
BoneName: mixamorig1:RightShoulder
BoneIndex: 33
ParentIndex: 5
ChildCount: 1
34
-0.028401 0.000112 -0.999597 0.000000
-0.964558 -0.262446 0.027376 0.000000
-0.262337 0.964947 0.007562 -0.000000
-0.061402 0.129937 0.001759 1.000000
-0.028401 -0.964558 -0.262337 0.000000
0.120635 -0.263832 0.956995 0.000000
-0.992291 -0.004467 0.123853 -0.000000
-0.150225 0.327792 -1.423018 1.000000
BoneName: mixamorig1:RightArm
BoneIndex: 34
ParentIndex: 33
ChildCount: 1
35
0.998925 0.046360 0.000000 0.000000
-0.045433 0.978958 0.198938 0.000000
0.009223 -0.198725 0.980012 -0.000000
0.000000 0.130059 0.000000 1.000000
-0.073087 -0.995161 -0.065674 0.000000
0.108274 -0.073378 0.991409 0.000000
-0.991431 0.065348 0.113113 -0.000000
-0.140896 -0.082695 -1.435254 1.000000
BoneName: mixamorig1:RightForeArm
BoneIndex: 35
ParentIndex: 34
ChildCount: 1
36
0.993221 -0.116245 -0.000000 0.000000
0.115681 0.988405 0.098351 0.000000
-0.011433 -0.097684 0.995152 -0.000000
0.000000 0.255711 0.000000 1.000000
0.043091 -0.998536 0.032692 0.000000
0.116070 0.037505 0.992533 0.000000
-0.992306 -0.038975 0.117516 -0.000000
-0.100602 -0.491941 -1.393628 1.000000
BoneName: mixamorig1:RightHand
BoneIndex: 36
ParentIndex: 35
ChildCount: 5
37
41
45
49
53
0.974485 -0.067558 -0.214046 0.000000
0.043540 0.992410 -0.115005 0.000000
0.220191 0.102751 0.970030 -0.000000
0.000000 0.234017 0.000000 1.000000
0.102454 -0.992841 -0.061402 0.000000
-0.101873 -0.071875 0.992198 0.000000
-0.989508 -0.095399 -0.108507 -0.000000
0.249308 -0.564551 -1.448606 1.000000
BoneName: mixamorig1:RightHandThumb1
BoneIndex: 37
ParentIndex: 36
ChildCount: 1
38
0.872429 -0.488741 -0.000000 0.000000
0.474703 0.847371 -0.237948 0.000000
0.116295 0.207593 0.971278 -0.000000
0.028851 0.040543 -0.012120 1.000000
0.574625 -0.778059 -0.253829 0.000000
-0.053749 -0.345354 0.936932 0.000000
-0.816649 -0.524742 -0.240269 -0.000000
0.488068 -0.066279 -1.495202 1.000000
BoneName: mixamorig1:RightHandThumb2
BoneIndex: 38
ParentIndex: 37
ChildCount: 1
39
1.000000 0.000000 -0.000000 0.000000
0.000000 0.984816 -0.173600 0.000000
-0.000000 0.173600 0.984816 -0.000000
0.004284 0.040748 -0.000000 1.000000
0.574625 -0.722181 -0.385046 0.000000
-0.053749 -0.502762 0.862752 0.000000
-0.816649 -0.475064 -0.327716 -0.000000
0.483784 0.154165 -1.491079 1.000000
BoneName: mixamorig1:RightHandThumb3
BoneIndex: 39
ParentIndex: 38
ChildCount: 1
40
1.000000 0.000000 -0.000000 0.000000
0.000000 0.994901 0.100853 0.000000
-0.000000 -0.100853 0.994901 -0.000000
0.000365 0.035304 -0.000000 1.000000
0.574626 -0.757332 -0.310248 0.000000
-0.053749 -0.413186 0.909059 0.000000
-0.816649 -0.505693 -0.278134 -0.000000
0.483421 -0.032127 -1.495464 1.000000
BoneName: mixamorig1:RightHandThumb4
BoneIndex: 40
ParentIndex: 39
ChildCount: 0
1.000000 0.000000 -0.000000 0.000000
0.000000 1.000000 -0.000000 0.000000
-0.000000 -0.000000 1.000000 -0.000000
-0.004649 0.028735 0.000000 1.000000
1.000000 0.000000 0.000000 0.000000
0.000000 1.000000 0.000000 0.000000
0.000000 0.000000 1.000000 0.000000
0.000000 0.000000 0.000000 1.000000
BoneName: mixamorig1:RightHandIndex1
BoneIndex: 41
ParentIndex: 36
ChildCount: 1
42
0.998107 -0.061494 -0.000000 0.000000
0.061250 0.994143 -0.089035 0.000000
0.005475 0.088866 0.996029 -0.000000
0.036145 0.123466 0.000078 1.000000
0.163314 -0.975284 -0.148827 0.000000
-0.097259 -0.166033 0.981312 0.000000
-0.981768 -0.145787 -0.121971 -0.000000
0.255069 -0.541949 -1.502905 1.000000
BoneName: mixamorig1:RightHandIndex2
BoneIndex: 42
ParentIndex: 41
ChildCount: 1
43
1.000000 0.000000 -0.000000 0.000000
0.000000 0.996472 -0.083927 0.000000
-0.000000 0.083927 0.996472 -0.000000
-0.000119 0.031174 -0.000000 1.000000
0.163314 -0.959353 -0.230152 0.000000
-0.097260 -0.247803 0.963916 0.000000
-0.981768 -0.135036 -0.133777 -0.000000
0.255189 -0.444970 -1.545702 1.000000
BoneName: mixamorig1:RightHandIndex3
BoneIndex: 43
ParentIndex: 42
ChildCount: 1
44
1.000000 0.000000 -0.000000 0.000000
0.000000 0.999995 0.003201 0.000000
-0.000000 -0.003201 0.999995 -0.000000
0.000066 0.028561 0.000000 1.000000
0.163314 -0.960085 -0.227080 0.000000
-0.097260 -0.244717 0.964704 0.000000
-0.981768 -0.135464 -0.133344 -0.000000
0.255123 -0.478475 -1.544179 1.000000
BoneName: mixamorig1:RightHandIndex4
BoneIndex: 44
ParentIndex: 43
ChildCount: 0
1.000000 0.000000 -0.000000 0.000000
0.000000 1.000000 -0.000000 0.000000
-0.000000 -0.000000 1.000000 -0.000000
0.000053 0.025346 -0.000000 1.000000
1.000000 0.000000 0.000000 0.000000
0.000000 1.000000 0.000000 0.000000
0.000000 0.000000 1.000000 0.000000
0.000000 0.000000 0.000000 1.000000
BoneName: mixamorig1:RightHandMiddle1
BoneIndex: 45
ParentIndex: 36
ChildCount: 1
46
0.999996 0.002837 0.000000 0.000000
-0.002834 0.998802 -0.048850 0.000000
-0.000139 0.048849 0.998806 -0.000000
0.009224 0.121764 0.002222 1.000000
0.099636 -0.988943 -0.109842 0.000000
-0.102076 -0.119968 0.987516 0.000000
-0.989774 -0.087180 -0.112900 -0.000000
0.238136 -0.615301 -1.482656 1.000000
BoneName: mixamorig1:RightHandMiddle2
BoneIndex: 46
ParentIndex: 45
ChildCount: 1
47
1.000000 0.000000 -0.000000 0.000000
0.000000 0.989827 -0.142279 0.000000
-0.000000 0.142279 0.989827 -0.000000
-0.000162 0.034792 -0.000000 1.000000
0.099636 -0.963254 -0.249429 0.000000
-0.102076 -0.259249 0.960401 0.000000
-0.989774 -0.070230 -0.124156 -0.000000
0.238298 -0.432531 -1.560066 1.000000
BoneName: mixamorig1:RightHandMiddle3
BoneIndex: 47
ParentIndex: 46
ChildCount: 1
48
1.000000 0.000000 -0.000000 0.000000
0.000000 0.998515 0.054482 0.000000
-0.000000 -0.054482 0.998515 -0.000000
0.000137 0.032260 0.000000 1.000000
0.099636 -0.975412 -0.196580 0.000000
-0.102076 -0.206540 0.973099 0.000000
-0.989774 -0.076890 -0.120145 -0.000000
0.238161 -0.549094 -1.532427 1.000000
BoneName: mixamorig1:RightHandMiddle4
BoneIndex: 48
ParentIndex: 47
ChildCount: 0
1.000000 0.000000 -0.000000 0.000000
0.000000 1.000000 -0.000000 0.000000
-0.000000 -0.000000 1.000000 -0.000000
0.000025 0.029280 -0.000000 1.000000
1.000000 0.000000 0.000000 0.000000
0.000000 1.000000 0.000000 0.000000
0.000000 0.000000 1.000000 0.000000
0.000000 0.000000 0.000000 1.000000
BoneName: mixamorig1:RightHandRing1
BoneIndex: 49
ParentIndex: 36
ChildCount: 1
50
0.995966 0.089732 0.000000 0.000000
-0.088833 0.985991 -0.141173 0.000000
-0.012668 0.140603 0.989985 -0.000000
-0.012166 0.122821 0.001510 1.000000
0.012951 -0.979366 -0.201680 0.000000
-0.107911 -0.201887 0.973446 0.000000
-0.994076 0.009156 -0.108299 -0.000000
0.198741 -0.496256 -1.535552 1.000000
BoneName: mixamorig1:RightHandRing2
BoneIndex: 50
ParentIndex: 49
ChildCount: 1
51
1.000000 0.000000 -0.000000 0.000000
0.000000 0.996097 -0.088270 0.000000
-0.000000 0.088270 0.996097 -0.000000
-0.000037 0.028216 0.000000 1.000000
0.012951 -0.957741 -0.287341 0.000000
-0.107911 -0.287026 0.951825 0.000000
-0.994076 0.018680 -0.107068 -0.000000
0.198778 -0.386882 -1.575853 1.000000
BoneName: mixamorig1:RightHandRing3
BoneIndex: 51
ParentIndex: 50
ChildCount: 1
52
1.000000 0.000000 -0.000000 0.000000
0.000000 0.995257 0.097282 0.000000
-0.000000 -0.097282 0.995257 -0.000000
0.000078 0.026877 0.000000 1.000000
0.012951 -0.981151 -0.192807 0.000000
-0.107910 -0.193069 0.975233 0.000000
-0.994076 0.008175 -0.108377 -0.000000
0.198699 -0.565098 -1.528127 1.000000
BoneName: mixamorig1:RightHandRing4
BoneIndex: 52
ParentIndex: 51
ChildCount: 0
1.000000 0.000000 -0.000000 0.000000
0.000000 1.000000 -0.000000 0.000000
-0.000000 -0.000000 1.000000 -0.000000
-0.000041 0.023684 0.000000 1.000000
1.000000 0.000000 0.000000 0.000000
0.000000 1.000000 0.000000 0.000000
0.000000 0.000000 1.000000 0.000000
0.000000 0.000000 0.000000 1.000000
BoneName: mixamorig1:RightHandPinky1
BoneIndex: 53
ParentIndex: 36
ChildCount: 1
54
0.993250 0.115994 -0.000000 0.000000
-0.114302 0.978768 -0.170143 0.000000
-0.019736 0.168995 0.985419 -0.000000
-0.033203 0.111946 0.001380 1.000000
-0.013401 -0.973025 -0.230311 0.000000
-0.109521 -0.227518 0.967595 0.000000
-0.993894 0.038191 -0.103518 -0.000000
0.202135 -0.447724 -1.548743 1.000000
BoneName: mixamorig1:RightHandPinky2
BoneIndex: 54
ParentIndex: 53
ChildCount: 1
55
1.000000 0.000000 -0.000000 0.000000
0.000000 0.992689 -0.120701 0.000000
-0.000000 0.120701 0.992689 -0.000000
-0.000081 0.026405 -0.000000 1.000000
-0.013401 -0.938112 -0.346074 0.000000
-0.109522 -0.342645 0.933059 0.000000
-0.993894 0.050407 -0.098152 -0.000000
0.202216 -0.283724 -1.594648 1.000000
BoneName: mixamorig1:RightHandPinky3
BoneIndex: 55
ParentIndex: 54
ChildCount: 1
56
1.000000 0.000000 -0.000000 0.000000
0.000000 0.999205 0.039877 0.000000
-0.000000 -0.039877 0.999205 -0.000000
0.000056 0.021490 0.000000 1.000000
-0.013401 -0.951166 -0.308389 0.000000
-0.109522 -0.305165 0.945981 0.000000
-0.993894 0.046452 -0.100084 -0.000000
0.202160 -0.368562 -1.581209 1.000000
BoneName: mixamorig1:RightHandPinky4
BoneIndex: 56
ParentIndex: 55
ChildCount: 0
1.000000 0.000000 -0.000000 0.000000
0.000000 1.000000 -0.000000 0.000000
-0.000000 -0.000000 1.000000 -0.000000
0.000025 0.018884 0.000000 1.000000
1.000000 0.000000 0.000000 0.000000
0.000000 1.000000 0.000000 0.000000
0.000000 0.000000 1.000000 0.000000
0.000000 0.000000 0.000000 1.000000
BoneName: mixamorig1:LeftUpLeg
BoneIndex: 57
ParentIndex: 2
ChildCount: 1
58
-0.996167 -0.087301 0.005532 0.000000
0.087476 -0.994173 0.062993 0.000000
0.000000 0.063235 0.997999 -0.000000
0.080782 -0.054024 0.005359 1.000000
-0.996167 0.087476 -0.000000 0.000000
-0.087301 -0.994173 0.063235 0.000000
0.005532 0.062993 0.997999 -0.000000
0.162979 0.932513 -0.034993 1.000000
BoneName: mixamorig1:LeftLeg
BoneIndex: 58
ParentIndex: 57
ChildCount: 1
59
0.999969 -0.007855 -0.000000 0.000000
0.007855 0.999955 0.005319 0.000000
-0.000042 -0.005319 0.999986 -0.000000
0.000000 0.427898 0.000000 1.000000
-0.996823 0.079647 -0.000424 0.000000
-0.079488 -0.994478 0.068526 0.000000
0.005037 0.068343 0.997649 -0.000000
0.159010 0.505686 -0.037684 1.000000
BoneName: mixamorig1:LeftFoot
BoneIndex: 59
ParentIndex: 58
ChildCount: 1
60
0.999425 -0.000000 -0.033914 0.000000
-0.029181 0.509564 -0.859938 0.000000
0.017281 0.860433 0.509271 -0.000000
0.000000 0.421737 -0.000000 1.000000
-0.996235 0.070038 0.051088 0.000000
-0.081767 -0.563359 -0.822156 0.000000
-0.028801 -0.823239 0.566965 -0.000000
0.160196 0.070543 0.055789 1.000000
BoneName: mixamorig1:LeftToeBase
BoneIndex: 60
ParentIndex: 59
ChildCount: 1
61
0.993024 -0.000000 -0.117916 0.000000
-0.065580 0.831076 -0.552279 0.000000
0.097997 0.556159 0.825278 -0.000000
-0.000000 0.161823 -0.000000 1.000000
-0.995309 0.095325 -0.016514 0.000000
0.015749 -0.008772 -0.999837 0.000000
-0.095454 -0.995408 0.007230 -0.000000
0.152500 -0.117177 0.010974 1.000000
BoneName: mixamorig1:LeftToe_End
BoneIndex: 61
ParentIndex: 60
ChildCount: 0
1.000000 0.000000 -0.000000 0.000000
0.000000 1.000000 -0.000000 0.000000
-0.000000 -0.000000 1.000000 -0.000000
0.000000 0.062059 -0.000000 1.000000
1.000000 0.000000 0.000000 0.000000
0.000000 1.000000 0.000000 0.000000
0.000000 0.000000 1.000000 0.000000
0.000000 0.000000 0.000000 1.000000
BoneName: mixamorig1:RightUpLeg
BoneIndex: 62
ParentIndex: 2
ChildCount: 1
63
-0.996164 0.087358 -0.005061 0.000000
-0.087504 -0.994497 0.057615 0.000000
-0.000000 0.057837 0.998326 -0.000000
-0.080782 -0.054024 0.007518 1.000000
-0.996164 -0.087504 0.000000 0.000000
0.087358 -0.994497 0.057837 0.000000
-0.005061 0.057615 0.998326 -0.000000
-0.163010 0.932558 -0.032047 1.000000
BoneName: mixamorig1:RightLeg
BoneIndex: 63
ParentIndex: 62
ChildCount: 1
64
0.999969 0.007890 -0.000000 0.000000
-0.007889 0.999887 0.012762 0.000000
0.000101 -0.012762 0.999919 -0.000000
0.000000 0.427759 0.000000 1.000000
-0.996824 -0.079636 0.001016 0.000000
0.079509 -0.994336 0.070532 0.000000
-0.004606 0.070389 0.997509 -0.000000
-0.159023 0.505620 -0.038503 1.000000
BoneName: mixamorig1:RightFoot
BoneIndex: 64
ParentIndex: 63
ChildCount: 1
65
0.999447 -0.000000 0.033255 0.000000
0.028704 0.504970 -0.862659 0.000000
-0.016793 0.863137 0.504691 -0.000000
-0.000000 0.421797 0.000000 1.000000
-0.996238 -0.069703 -0.051484 0.000000
0.081810 -0.560673 -0.823986 0.000000
0.028569 -0.825098 0.564266 -0.000000
-0.160215 0.070978 0.055589 1.000000
BoneName: mixamorig1:RightToeBase
BoneIndex: 65
ParentIndex: 64
ChildCount: 1
66
0.992818 0.000000 0.119632 0.000000
0.066207 0.832904 -0.549443 0.000000
-0.099642 0.553417 0.826922 -0.000000
0.000000 0.162605 -0.000000 1.000000
-0.995243 -0.095726 0.018119 0.000000
-0.017352 -0.008837 -0.999810 0.000000
0.095868 -0.995369 0.007134 -0.000000
-0.152414 -0.117467 0.011224 1.000000
BoneName: mixamorig1:RightToe_End
BoneIndex: 66
ParentIndex: 65
ChildCount: 0
1.000000 0.000000 -0.000000 0.000000
0.000000 1.000000 -0.000000 0.000000
-0.000000 -0.000000 1.000000 -0.000000
0.000000 0.061800 -0.000000 1.000000
1.000000 0.000000 0.000000 0.000000
0.000000 1.000000 0.000000 0.000000
0.000000 0.000000 1.000000 0.000000
0.000000 0.000000 0.000000 1.000000
